0.0 0.0 0.0
0.0 0.0 0.0
0.0 0.0 0.0
0.0 0.0 0.0
0.0 0.0 0.0
2.811000108718872 2.1804423332214355 1.6115195751190186
2.758000135421753 2.0108590126037598 1.582191824913025
2.817000150680542 1.922224521636963 1.6168949604034424
2.8310000896453857 1.7990671396255493 1.6255426406860352
2.8380000591278076 1.6701260805130005 1.6299206018447876
2.739000082015991 1.4828596115112305 1.5731714963912964
2.7270002365112305 1.3477295637130737 1.5661722421646118
2.7780001163482666 1.241778016090393 1.5951663255691528
2.8580000400543213 1.1425585746765137 1.6406453847885132
2.8650002479553223 1.0100651979446411 1.6440953016281128
2.9150002002716064 0.890110194683075 1.6721446514129639
2.9000000953674316 0.7487614154815674 1.6628806591033936
2.936000108718872 0.619718074798584 1.6828796863555908
2.9220001697540283 0.47921621799468994 1.6742758750915527
2.9000000953674316 0.33921894431114197 1.6611878871917725
2.9070000648498535 0.2034214287996292 1.6648318767547607
2.944000244140625 0.06772985309362411 1.685787558555603
2.951000213623047 -0.07067826390266418 1.6897056102752686
2.951000213623047 -0.2092430293560028 1.6897599697113037
2.9580001831054688 -0.3486626148223877 1.69395911693573
2.9730000495910645 -0.49011749029159546 1.702860713005066
2.9730000495910645 -0.6298836469650269 1.7032666206359863
2.9580001831054688 -0.7658548355102539 1.6951388120651245
2.9580001831054688 -0.9050871133804321 1.69562828540802
2.9810001850128174 -1.0525026321411133 1.7092856168746948
3.0190000534057617 -1.2081133127212524 1.7314869165420532
3.0420000553131104 -1.3605684041976929 1.744978666305542
2.944000244140625 -1.4552814960479736 1.6888971328735352
2.9150002002716064 -1.5779603719711304 1.67219877243042
2.7910001277923584 -1.641785979270935 1.600788950920105
2.746000051498413 -1.7438455820083618 1.574471354484558
2.7330000400543213 -1.8631376028060913 1.5662693977355957
2.6470000743865967 -1.9276310205459595 1.516028881072998
2.561000108718872 -1.9836993217468262 1.4656493663787842
0.0 -0.0 0.0
0.0 -0.0 0.0
0.0 -0.0 0.0
0.0 -0.0 0.0
0.0 0.0 0.0
0.0 0.0 0.0
0.0 0.0 0.0
0.0 0.0 0.0
0.0 0.0 0.0
3.1640000343322754 2.455479860305786 1.6658650636672974
2.936000108718872 2.1415460109710693 1.5467463731765747
3.0980000495910645 2.1146554946899414 1.6328009366989136
3.1640000343322754 2.011096954345703 1.668022632598877
3.0980000495910645 1.8232598304748535 1.6333750486373901
3.1060001850128174 1.6814206838607788 1.6374759674072266
3.1560001373291016 1.5593924522399902 1.6634798049926758
2.9730000495910645 1.3284355401992798 1.5665022134780884
2.9070000648498535 1.1615262031555176 1.5310794115066528
3.0190000534057617 1.0636327266693115 1.5893021821975708
3.1640000343322754 0.9653501510620117 1.6647847890853882
3.181000232696533 0.8205318450927734 1.6728781461715698
3.198000192642212 0.6742937564849854 1.6810126304626465
3.207000255584717 0.5253275632858276 1.6850268840789795
3.198000192642212 0.37357833981513977 1.679708480834961
3.2160000801086426 0.22469577193260193 1.6887227296829224
3.2690000534057617 0.07502198219299316 1.7162795066833496
3.242000102996826 -0.0776587724685669 1.7020134925842285
3.242000102996826 -0.22971993684768677 1.702104091644287
3.2330000400543213 -0.38076794147491455 1.6976401805877686
3.242000102996826 -0.5340234041213989 1.7027814388275146
3.2690000534057617 -0.6920528411865234 1.7175085544586182
3.251000165939331 -0.8411142230033875 1.708686351776123
3.260000228881836 -0.9968746304512024 1.7141034603118896
3.2160000801086426 -1.134898066520691 1.6916484832763672
3.0980000495910645 -1.2392539978027344 1.6301887035369873
2.996000051498413 -1.3396645784378052 1.5770118236541748
2.951000213623047 -1.4585868120193481 1.5536754131317139
2.9000000953674316 -1.5698938369750977 1.5269888639450073
2.8650002479553223 -1.685602068901062 1.5085091590881348
2.7970001697540283 -1.7767587900161743 1.4724210500717163
2.702000141143799 -1.842755675315857 1.4218934774398804
2.6470000743865967 -1.9285959005355835 1.3922057151794434
2.561000108718872 -1.9848287105560303 1.3460355997085571
0.0 -0.0 0.0
0.0 -0.0 0.0
0.0 -0.0 0.0
0.0 -0.0 0.0
0.0 0.0 0.0
0.0 0.0 0.0
0.0 0.0 0.0
0.0 0.0 0.0
0.0 0.0 0.0
3.2160000801086426 2.4968676567077637 1.542486548423767
3.260000228881836 2.378647804260254 1.5643935203552246
3.2330000400543213 2.207278251647949 1.5519464015960693
3.324000120162964 2.112978219985962 1.5958492755889893
3.440000057220459 2.0244247913360596 1.651463508605957
3.391000270843506 1.8353271484375 1.627587914466858
3.4700002670288086 1.7139242887496948 1.6649022102355957
3.450000047683716 1.5407819747924805 1.654511570930481
3.4800002574920654 1.3895500898361206 1.6679556369781494
3.315000057220459 1.1669714450836182 1.587891936302185
3.3520002365112305 1.0217424631118774 1.604597806930542
3.4200000762939453 0.8812349438667297 1.6361371278762817
3.5430002212524414 0.7461468577384949 1.6940093040466309
3.5220000743865967 0.5761733055114746 1.6831234693527222
3.5220000743865967 0.4108375012874603 1.682435154914856
3.511000156402588 0.2449067085981369 1.67667818069458
3.5430002212524414 0.08110985159873962 1.6916567087173462
3.575000286102295 -0.08562745153903961 1.7068455219268799
3.5530002117156982 -0.2515450119972229 1.696466088294983
3.5530002117156982 -0.4180556833744049 1.6967943906784058
3.511000156402588 -0.5777751207351685 1.6772441864013672
3.38100004196167 -0.7151012420654297 1.6157797574996948
3.3430001735687256 -0.8641778230667114 1.5983637571334839
3.242000102996826 -0.990615963935852 1.5508644580841064
3.1470000743865967 -1.1098272800445557 1.5062109231948853
3.003000259399414 -1.2006229162216187 1.4380202293395996
2.996000051498413 -1.3391438722610474 1.435323715209961
2.9730000495910645 -1.4690977334976196 1.4248348474502563
2.879000186920166 -1.5583641529083252 1.3801368474960327
2.8580000400543213 -1.6815454959869385 1.3702208995819092
2.7840001583099365 -1.7688016891479492 1.33466637134552
2.752000093460083 -1.8774020671844482 1.319008231163025
2.6590001583099365 -1.938105821609497 1.2738877534866333
2.7140002250671387 -2.1044139862060547 1.2994413375854492
0.0 -0.0 0.0
0.0 -0.0 0.0
0.0 -0.0 0.0
0.0 -0.0 0.0
0.0 0.0 0.0
0.0 0.0 0.0
0.0 0.0 0.0
0.0 0.0 0.0
0.0 0.0 0.0
3.190000057220459 2.477496862411499 1.3802213668823242
3.371000051498413 2.4602091312408447 1.4591481685638428
3.440000057220459 2.34887433052063 1.4893362522125244
3.5430002212524414 2.2521517276763916 1.533945083618164
3.5970001220703125 2.116478443145752 1.5570356845855713
3.7930002212524414 2.0522661209106445 1.641286015510559
3.829000234603882 1.8903687000274658 1.6560207605361938
3.880000114440918 1.7317585945129395 1.677030324935913
3.892000198364258 1.5528796911239624 1.6810334920883179
3.880000114440918 1.3646398782730103 1.6746002435684204
3.9710001945495605 1.2091785669326782 1.7125873565673828
3.931000232696533 1.0117418766021729 1.6941114664077759
3.931000232696533 0.8268161416053772 1.6929898262023926
3.9580001831054688 0.646615207195282 1.7036391496658325
4.039000034332275 0.4704461991786957 1.7376971244812012
3.931000232696533 0.27374711632728577 1.6906635761260986
3.9050002098083496 0.08918093889951706 1.6791497468948364
3.892000198364258 -0.0931943878531456 1.6734720468521118
3.7090001106262207 -0.26234012842178345 1.5949331521987915
3.619000196456909 -0.4253730773925781 1.5565913915634155
3.511000156402588 -0.5771639943122864 1.510679841041565
3.4600002765655518 -0.731065034866333 1.489432454109192
3.3430001735687256 -0.8633567690849304 1.4398661851882935
3.38100004196167 -1.0321998596191406 1.4571285247802734
3.181000232696533 -1.120973825454712 1.3718156814575195
3.0900001525878906 -1.2346270084381104 1.333420991897583
3.0500001907348633 -1.3626010417938232 1.3169430494308472
2.9730000495910645 -1.4685697555541992 1.2843575477600098
2.951000213623047 -1.5969901084899902 1.275364637374878
2.886000156402588 -1.6978907585144043 1.2475897073745728
2.817000150680542 -1.7898743152618408 1.217859148979187
2.739000082015991 -1.868879795074463 1.1840035915374756
2.6530001163482666 -1.934305191040039 1.1464643478393555
2.567000150680542 -1.9912046194076538 1.1087239980697632
0.0 -0.0 0.0
0.0 -0.0 0.0
0.0 -0.0 0.0
0.0 -0.0 0.0
0.0 0.0 0.0
0.0 0.0 0.0
0.0 0.0 0.0
0.0 0.0 0.0
0.0 0.0 0.0
3.207000255584717 2.491323471069336 1.236771821975708
3.38100004196167 2.46787428855896 1.3042956590652466
3.511000156402588 2.3974263668060303 1.3545833826065063
3.5430002212524414 2.2519235610961914 1.3667693138122559
3.805000066757202 2.2383241653442383 1.4673686027526855
3.867000102996826 2.0914947986602783 1.4905314445495605
3.9580001831054688 1.9530134201049805 1.5246165990829468
4.272000312805176 1.9054290056228638 1.6443157196044922
4.272000312805176 1.703107237815857 1.642943263053894
4.319000244140625 1.5176048278808594 1.659577488899231
4.366000175476074 1.3280389308929443 1.6761910915374756
4.39900016784668 1.1308600902557373 1.6874762773513794
4.383000373840332 0.9207062125205994 1.6800868511199951
4.256999969482422 0.6945040822029114 1.6307421922683716
4.080000400543213 0.4745166301727295 1.5621342658996582
3.931000232696533 0.2732962667942047 1.5045284032821655
3.867000102996826 0.08810809254646301 1.479716420173645
3.817000150680542 -0.09136117994785309 1.4605076313018799
3.686000108718872 -0.26045045256614685 1.410537600517273
3.5530002117156982 -0.417156457901001 1.3600029945373535
3.5220000743865967 -0.5783342123031616 1.3486886024475098
3.491000175476074 -0.7368300557136536 1.3375333547592163
3.3520002365112305 -0.8648154139518738 1.285096526145935
3.251000165939331 -0.9916033148765564 1.2472628355026245
3.1060001850128174 -1.0936532020568848 1.1925311088562012
3.181000232696533 -1.270098328590393 1.2222539186477661
3.0190000534057617 -1.3479785919189453 1.1608494520187378
2.9810001850128174 -1.4718738794326782 1.1469860076904297
2.9580001831054688 -1.6002932786941528 1.138751745223999
2.817000150680542 -1.6570227146148682 1.0848970413208008
2.7840001583099365 -1.7688506841659546 1.0724183320999146
2.739000082015991 -1.8690544366836548 1.0550973415374756
2.677000045776367 -1.9522075653076172 1.0310041904449463
2.5950000286102295 -2.013535499572754 0.9990004301071167
0.0 -0.0 0.0
0.0 -0.0 0.0
0.0 -0.0 0.0
0.0 -0.0 0.0
0.0 0.0 0.0
0.0 0.0 0.0
0.0 0.0 0.0
0.0 0.0 0.0
0.0 0.0 0.0
3.2330000400543213 2.5119740962982178 1.094604253768921
3.371000051498413 2.4607696533203125 1.1415855884552002
3.5220000743865967 2.40484881401062 1.1927098035812378
3.501000165939331 2.2248640060424805 1.1853148937225342
3.6080002784729004 2.1218061447143555 1.2209917306900024
4.080000400543213 2.2057392597198486 1.3798487186431885
4.272000312805176 2.106748342514038 1.4436548948287964
4.302999973297119 1.917904019355774 1.4528380632400513
4.319000244140625 1.7204127311706543 1.4568473100662231
4.319000244140625 1.516161322593689 1.455420732498169
4.604000091552734 1.3989466428756714 1.5499671697616577
4.7910003662109375 1.2302006483078003 1.6114578247070312
4.39900016784668 0.9229075908660889 1.4783962965011597
4.350000381469727 0.708723783493042 1.4609030485153198
4.350000381469727 0.505191445350647 1.4600849151611328
4.272000312805176 0.2965340316295624 1.4333295822143555
4.011000156402588 0.09119012951850891 1.3454509973526
3.880000114440918 -0.09282349795103073 1.301440954208374
3.7090001106262207 -0.26180869340896606 1.2442398071289062
3.5860002040863037 -0.4205687642097473 1.2033344507217407
3.5220000743865967 -0.5776986479759216 1.1823965311050415
3.491000175476074 -0.7360461950302124 1.1726880073547363
3.391000270843506 -0.8739981055259705 1.1399083137512207
3.242000102996826 -0.9879408478736877 1.090693473815918
3.0980000495910645 -1.0899261236190796 1.0431387424468994
3.06600022315979 -1.223289966583252 1.0332627296447754
3.0500001907348633 -1.3609868288040161 1.0287400484085083
2.9810001850128174 -1.4711558818817139 1.0062507390975952
2.944000244140625 -1.592147946357727 0.9944283366203308
2.817000150680542 -1.6566433906555176 0.9520289301872253
2.811000108718872 -1.7858244180679321 0.9503268003463745
2.6590001583099365 -1.8144997358322144 0.8990598320960999
2.635000228881836 -1.9218305349349976 0.890861988067627
2.689000129699707 -2.0869483947753906 0.9088212847709656
0.0 -0.0 0.0
0.0 -0.0 0.0
0.0 -0.0 0.0
0.0 -0.0 0.0
0.0 0.0 0.0
0.0 0.0 0.0
0.0 0.0 0.0
0.0 0.0 0.0
3.1720001697540283 2.613532543182373 0.924156904220581
3.207000255584717 2.4920759201049805 0.9347095489501953
3.3430001735687256 2.4403908252716064 0.9744792580604553
3.4700002670288086 2.369142532348633 1.0113842487335205
3.5320000648498535 2.244109630584717 1.029092788696289
3.867000102996826 2.273378610610962 1.1260591745376587
3.880000114440918 2.096668243408203 1.1289944648742676
4.011000156402588 1.97689688205719 1.1660629510879517
4.181000232696533 1.8622300624847412 1.21426522731781
4.241000175476074 1.6879733800888062 1.2303812503814697
4.2870001792907715 1.5035474300384521 1.2423852682113647
4.366000175476074 1.3252822160720825 1.2639491558074951
4.604000091552734 1.180877923965454 1.331536054611206
4.272000312805176 0.8951997756958008 1.234424114227295
4.350000381469727 0.7078283429145813 1.2560144662857056
4.152000427246094 0.48154762387275696 1.1981251239776611
4.181000232696533 0.28979042172431946 1.2059779167175293
4.196000099182129 0.09520646929740906 1.2100111246109009
3.9180002212524414 -0.0936831459403038 1.1297855377197266
3.7330002784729004 -0.2632436454296112 1.0765893459320068
3.6080002784729004 -0.4227038621902466 1.0408766269683838
3.5430002212524414 -0.5805318355560303 1.0226316452026367
3.491000175476074 -0.7352949976921082 1.008277177810669
3.391000270843506 -0.8731521368026733 0.9801581501960754
3.2330000400543213 -0.9843130111694336 0.935309886932373
3.1640000343322754 -1.1122384071350098 0.9162121415138245
3.1560001373291016 -1.2582919597625732 0.9147819876670837
3.1560001373291016 -1.4074207544326782 0.9156543016433716
3.0420000553131104 -1.500505805015564 0.8833679556846619
2.944000244140625 -1.5915347337722778 0.8555845618247986
2.9580001831054688 -1.739101529121399 0.8602065443992615
2.739000082015991 -1.7398256063461304 0.796886146068573
2.6710002422332764 -1.8226256370544434 0.7772932648658752
2.578000068664551 -1.8803898096084595 0.7502366304397583
2.5500001907348633 -1.9793930053710938 0.7419130802154541
0.0 -0.0 0.0
0.0 -0.0 0.0
0.0 -0.0 0.0
0.0 -0.0 0.0
0.0 0.0 0.0
0.0 0.0 0.0
0.0 0.0 0.0
0.0 0.0 0.0
3.1720001697540283 2.6139285564422607 0.7747415900230408
3.2330000400543213 2.512469530105591 0.7898861169815063
3.2960002422332764 2.406048536300659 0.8053203225135803
3.4100000858306885 2.327915668487549 0.833001971244812
3.6520001888275146 2.3198466300964355 0.8917151689529419
3.619000196456909 2.126882553100586 0.883063793182373
3.9710001945495605 2.144899606704712 0.9681234955787659
4.123000144958496 2.0309829711914062 1.0041732788085938
4.334000110626221 1.9291136264801025 1.0543993711471558
4.2870001792907715 1.7049953937530518 1.0417591333389282
4.256999969482422 1.4917614459991455 1.0332649946212769
4.677000045776367 1.4183623790740967 1.133927583694458
4.659000396728516 1.193779706954956 1.1283751726150513
4.39900016784668 0.9208185076713562 1.06440269947052
4.272000312805176 0.694340705871582 1.0328466892242432
4.256999969482422 0.49312567710876465 1.0285677909851074
4.011000156402588 0.2776401937007904 0.9686939716339111
4.302999973297119 0.09746252000331879 1.0389511585235596
3.931000232696533 -0.09394487738609314 0.9490840435028076
3.769000291824341 -0.2655408978462219 0.9101089835166931
3.6080002784729004 -0.4222957193851471 0.8715341687202454
3.641000270843506 -0.5960137248039246 0.8799719214439392
3.5220000743865967 -0.7411286234855652 0.8518033027648926
3.4200000762939453 -0.8798335790634155 0.8278254866600037
3.2870001792907715 -0.9999207854270935 0.7963846325874329
3.2160000801086426 -1.129658818244934 0.7799776792526245
3.1720001697540283 -1.263814926147461 0.7701181769371033
3.011000156402588 -1.34197199344635 0.7317947745323181
3.0260002613067627 -1.4918878078460693 0.73617023229599
2.9580001831054688 -1.5984911918640137 0.7202692627906799
3.011000156402588 -1.769771695137024 0.7337229251861572
2.7330000400543213 -1.7357168197631836 0.666354775428772
2.7080001831054688 -1.8477445840835571 0.6604870557785034
2.556000232696533 -1.86439049243927 0.6234774589538574
2.5230000019073486 -1.9586522579193115 0.6153329610824585
0.0 -0.0 0.0
0.0 -0.0 0.0
0.0 -0.0 0.0
0.0 -0.0 0.0
0.0 0.0 0.0
0.0 0.0 0.0
0.0 0.0 0.0
0.0 0.0 0.0
3.0900001525878906 2.5466339588165283 0.6090826988220215
3.198000192642212 2.485374689102173 0.6305303573608398
3.371000051498413 2.460709810256958 0.6646283268928528
3.4700002670288086 2.368588447570801 0.6839529275894165
3.5220000743865967 2.2367911338806152 0.6938307881355286
3.5970001220703125 2.113304853439331 0.7080684900283813
3.7930002212524414 2.0479323863983154 0.7459458708763123
3.931000232696533 1.9354479312896729 0.7722445726394653
4.095000267028809 1.8216696977615356 0.8035097122192383
4.241000175476074 1.6855764389038086 0.8311318159103394
4.334000110626221 1.5176142454147339 0.8483096957206726
4.39900016784668 1.3329683542251587 0.8600074648857117
4.714000225067139 1.2068108320236206 0.9205706119537354
4.432000160217285 0.9268571734428406 0.8646467328071594
4.350000381469727 0.7063175439834595 0.8479397892951965
4.2870001792907715 0.49607986211776733 0.8351066708564758
4.039000034332275 0.2792605459690094 0.7864281535148621
3.9840002059936523 0.09010215848684311 0.775515615940094
3.9180002212524414 -0.09358913451433182 0.7626293897628784
3.7930002212524414 -0.2670186460018158 0.7384169697761536
3.757000207901001 -0.4393639862537384 0.7316759824752808
3.5530002117156982 -0.5811178088188171 0.6923334002494812
3.5220000743865967 -0.7405202388763428 0.686795175075531
0.0 -0.0 0.0
3.2780001163482666 -0.9964520931243896 0.6404181122779846
3.198000192642212 -1.122580885887146 0.6254653334617615
3.130000114440918 -1.2463290691375732 0.6128545999526978
3.011000156402588 -1.3412668704986572 0.5902165174484253
2.9810001850128174 -1.4690519571304321 0.5849634408950806
2.886000156402588 -1.5590301752090454 0.5668749809265137
2.936000108718872 -1.725233554840088 0.5771772265434265
2.7270002365112305 -1.7316052913665771 0.5364386439323425
2.630000114440918 -1.7943683862686157 0.5175784826278687
2.578000068664551 -1.8804314136505127 0.5074357986450195
2.5390000343322754 -1.971214771270752 0.49971655011177063
0.0 -0.0 0.0
0.0 -0.0 0.0
0.0 -0.0 0.0
0.0 -0.0 0.0
0.0 0.0 0.0
0.0 0.0 0.0
0.0 0.0 0.0
0.0 0.0 0.0
3.1560001373291016 2.601226568222046 0.4732952117919922
3.190000057220459 2.479207992553711 0.478494793176651
3.2960002422332764 2.405857563018799 0.494361013174057
3.4800002574920654 2.3751444816589355 0.5217803716659546
3.5320000648498535 2.242720365524292 0.5292606949806213
3.5430002212524414 2.081029176712036 0.5304721593856812
3.7930002212524414 2.0472359657287598 0.5673296451568604
3.931000232696533 1.9346462488174438 0.5872933864593506
4.383000373840332 1.9488409757614136 0.6540067791938782
4.319000244140625 1.7156294584274292 0.6436256766319275
4.383000373840332 1.5338304042816162 0.6523229479789734
4.604000091552734 1.3941521644592285 0.6843668222427368
4.604000091552734 1.1778010129928589 0.6835819482803345
4.7910003662109375 1.001166582107544 0.7106211185455322
4.465000152587891 0.7244035601615906 0.6616955995559692
0.0 0.0 0.0
1.1069999933242798 0.07646840810775757 0.16386228799819946
0.0 0.0 0.0
0.0 -0.0 0.0
3.817000150680542 -0.26853156089782715 0.5649207830429077
3.6520001888275146 -0.4267882704734802 0.5407058000564575
3.5430002212524414 -0.57908034324646 0.5248713493347168
3.501000165939331 -0.7356076836585999 0.5190433859825134
3.3520002365112305 -0.8611085414886475 0.497408390045166
3.371000051498413 -1.024101972579956 0.5007486343383789
3.1560001373291016 -1.10722017288208 0.4693409502506256
3.1470000743865967 -1.2524693012237549 0.46855372190475464
3.0260002613067627 -1.3473552465438843 0.45107001066207886
3.0190000534057617 -1.4872229099273682 0.45053744316101074
2.951000213623047 -1.5936607122421265 0.44084805250167847
2.8650002479553223 -1.683125376701355 0.42838552594184875
2.739000082015991 -1.7389519214630127 0.40983766317367554
2.618000030517578 -1.786028265953064 0.39192408323287964
2.567000150680542 -1.8723742961883545 0.38437992334365845
2.5230000019073486 -1.958878517150879 0.3777781128883362
0.0 -0.0 0.0
0.0 -0.0 0.0
0.0 -0.0 0.0
0.0 -0.0 0.0
0.0 0.0 0.0
0.0 0.0 0.0
0.0 0.0 0.0
0.0 0.0 0.0
0.0 0.0 0.0
0.0 0.0 0.0
0.0 0.0 0.0
3.4700002670288086 2.3681015968322754 0.3566465675830841
3.440000057220459 2.1839818954467773 0.3533399999141693
0.0 0.0 0.0
0.0 0.0 0.0
0.0 0.0 0.0
0.0 0.0 0.0
1.1380000114440918 0.45185768604278564 0.11622470617294312
1.1220000982284546 0.3924625515937805 0.11443964391946793
1.1080000400543213 0.33534836769104004 0.11286871135234833
1.1010000705718994 0.2815071940422058 0.11202429234981537
1.068000078201294 0.2230501025915146 0.10855351388454437
1.0530000925064087 0.17073597013950348 0.10693473368883133
1.0420000553131104 0.12039753049612045 0.10574420541524887
1.0430001020431519 0.07199795544147491 0.10579385608434677
1.0390000343322754 0.023448746651411057 0.10535933077335358
1.040000081062317 -0.024824457243084908 0.1054554209113121
1.055999994277954 -0.07425443828105927 0.10709622502326965
0.0 -0.0 0.0
3.575000286102295 -0.5840065479278564 0.36292070150375366
3.511000156402588 -0.7373347878456116 0.35670042037963867
3.4800002574920654 -0.8935574293136597 0.3538820743560791
3.38100004196167 -1.0266716480255127 0.344181090593338
3.251000165939331 -1.1400693655014038 0.3313305675983429
3.198000192642212 -1.2722833156585693 0.32632309198379517
2.996000051498413 -1.3335514068603516 0.3060823976993561
2.9880001544952393 -1.4715322256088257 0.30562272667884827
2.7910001277923584 -1.5069034099578857 0.2857808470726013
2.758000135421753 -1.6199755668640137 0.28266641497612
2.752000093460083 -1.7469877004623413 0.2822628915309906
2.6590001583099365 -1.8138700723648071 0.2728668749332428
2.5840001106262207 -1.8847357034683228 0.26524075865745544
2.5500001907348633 -1.979893445968628 0.2617478370666504
0.0 -0.0 0.0
0.0 -0.0 0.0
0.0 -0.0 0.0
0.0 -0.0 0.0
0.0 0.0 0.0
0.0 0.0 0.0
0.0 0.0 0.0
0.0 0.0 0.0
0.0 0.0 0.0
1.2160000801086426 0.9450662732124329 0.06767582893371582
1.2100000381469727 0.8831614851951599 0.06733789294958115
1.2000000476837158 0.8188918828964233 0.06675830483436584
1.1770000457763672 0.7471815943717957 0.06543877720832825
1.1680001020431519 0.6858117580413818 0.06488362699747086
1.1410000324249268 0.615581750869751 0.06331812590360641
1.1290000677108765 0.5553522109985352 0.06257827579975128
1.1180000305175781 0.4968045651912689 0.061889562755823135
1.1060000658035278 0.43903544545173645 0.06114453449845314
1.0910000801086426 0.38150718808174133 0.060236040502786636
1.0750000476837158 0.3252567648887634 0.05927775055170059
1.0530000925064087 0.2691422700881958 0.05799676105380058
1.0430001020431519 0.21774977445602417 0.05738629773259163
1.0240000486373901 0.16597025096416473 0.05629141628742218
1.0180000066757202 0.117576964199543 0.05592280253767967
1.0170000791549683 0.07017264515161514 0.05584054812788963
1.0130000114440918 0.022849082946777344 0.05560574680566788
1.0190000534057617 -0.024318290874361992 0.05593227967619896
1.03000009059906 -0.0724034532904625 0.05654577165842056
1.0290000438690186 -0.12015093863010406 0.05651276186108589
1.0789999961853027 -0.17620554566383362 0.059293776750564575
3.5430002212524414 -0.743815541267395 0.19484776258468628
3.450000047683716 -0.8855814337730408 0.18991053104400635
3.2330000400543213 -0.9814456701278687 0.17815464735031128
3.130000114440918 -1.0973432064056396 0.17267806828022003
2.9580001831054688 -1.1765179634094238 0.16338573396205902
2.8380000591278076 -1.2629547119140625 0.1569470465183258
2.765000104904175 -1.3614612817764282 0.1530880481004715
2.7200000286102295 -1.4683507680892944 0.1507575809955597
2.689000129699707 -1.579265832901001 0.1491771787405014
2.739000082015991 -1.7385963201522827 0.15206244587898254
2.5840001106262207 -1.7626265287399292 0.1435292810201645
2.5840001106262207 -1.8847100734710693 0.1435636430978775
2.556000232696533 -1.9845843315124512 0.14200180768966675
0.0 -0.0 0.0
0.0 -0.0 0.0
0.0 -0.0 0.0
0.0 -0.0 0.0
0.0 0.0 0.0
0.0 0.0 0.0
0.0 0.0 0.0
0.0 0.0 0.0
0.0 0.0 0.0
1.2000000476837158 0.9326379299163818 0.0101756127551198
1.1770000457763672 0.8590706586837769 0.00998749677091837
1.1700000762939453 0.7984043955802917 0.009931669570505619
1.158000111579895 0.7350954413414001 0.009830260649323463
1.1410000324249268 0.6699260473251343 0.009683667682111263
1.1290000677108765 0.6090694665908813 0.009577262215316296
1.1120001077651978 0.5469479560852051 0.009426731616258621
1.1060000658035278 0.49142783880233765 0.009368241764605045
1.0890001058578491 0.43224266171455383 0.009215887635946274
1.0780000686645508 0.37691813707351685 0.009114142507314682
1.068000078201294 0.32309842109680176 0.009021064266562462
1.0490000247955322 0.2680838108062744 0.00885261781513691
1.0360000133514404 0.21625742316246033 0.008735784329473972
1.0250000953674316 0.16610726714134216 0.00863698124885559
1.0120000839233398 0.11686535179615021 0.008522666059434414
1.0130000114440918 0.06988462060689926 0.008527670055627823
0.9960000514984131 0.02246059849858284 0.008382639847695827
0.9950000643730164 -0.02374369464814663 0.008373796008527279
0.9930000305175781 -0.06979396194219589 0.008358024060726166
1.0070000886917114 -0.11756684631109238 0.008478385396301746
1.034000039100647 -0.16883496940135956 0.008709684014320374
0.0 -0.0 0.0
3.38100004196167 -0.8677651286125183 0.02851632796227932
3.251000165939331 -0.9867982864379883 0.02744157798588276
2.9000000953674316 -1.016601800918579 0.024499287828803062
2.9000000953674316 -1.1533410549163818 0.024519862607121468
2.752000093460083 -1.2245831489562988 0.023287024348974228
2.752000093460083 -1.354966402053833 0.023303398862481117
2.7330000400543213 -1.4752863645553589 0.02315545827150345
2.5950000286102295 -1.523995280265808 0.021994302049279213
2.7910001277923584 -1.7715545892715454 0.02365853451192379
2.6590001583099365 -1.8137613534927368 0.02253618836402893
2.572000026702881 -1.875956416130066 0.02178875356912613
2.5450000762939453 -1.9760663509368896 0.021542958915233612
0.0 -0.0 0.0
0.0 -0.0 0.0
0.0 -0.0 0.0
0.0 -0.0 0.0
0.0 0.0 -0.0
0.0 0.0 -0.0
0.0 0.0 -0.0
0.0 0.0 -0.0
0.0 0.0 -0.0
1.1990000009536743 0.931871235370636 -0.046397119760513306
1.1800000667572021 0.8612750768661499 -0.045643553137779236
1.1720000505447388 0.7997881174087524 -0.0453038215637207
1.1570000648498535 0.7344831228256226 -0.044683173298835754
1.1430000066757202 0.6711252331733704 -0.04409284144639969
1.1330000162124634 0.6112544536590576 -0.04365047067403793
1.1160000562667847 0.548943281173706 -0.042934536933898926
1.1060000658035278 0.49145591259002686 -0.04248638078570366
1.1010000705718994 0.4370332360267639 -0.042230330407619476
1.0830000638961792 0.37869223952293396 -0.04147821664810181
1.071000099182129 0.32402974367141724 -0.04096071794629097
1.0530000925064087 0.2691269516944885 -0.04022008553147316
1.0410000085830688 0.21731886267662048 -0.0397162102162838
1.0260000228881836 0.1662834733724594 -0.03910623863339424
1.0170000791549683 0.11745323985815048 -0.03873389959335327
1.0170000791549683 0.07016724348068237 -0.03871333226561546
1.0070000886917114 0.022711370140314102 -0.038321420550346375
0.9940000176429749 -0.023721037432551384 -0.037824805825948715
0.9950000643730164 -0.06993958353996277 -0.037870172411203384
0.9950000643730164 -0.11617461591959 -0.03788645938038826
1.0170000791549683 -0.16607166826725006 -0.03874949365854263
0.0 -0.0 -0.0
3.4600002765655518 -0.8881043791770935 -0.13208289444446564
3.315000057220459 -1.0062928199768066 -0.12669840455055237
2.9220001697540283 -1.0243791341781616 -0.11182383447885513
2.951000213623047 -1.1736927032470703 -0.11308921128511429
2.944000244140625 -1.3100887537002563 -0.11297930032014847
2.944000244140625 -1.449567437171936 -0.11313527822494507
2.6530001163482666 -1.43216073513031 -0.10208567976951599
2.7140002250671387 -1.593936562538147 -0.10455656796693802
2.7840001583099365 -1.767160177230835 -0.10736207664012909
2.7270002365112305 -1.8601850271224976 -0.10524842888116837
2.689000129699707 -1.961322546005249 -0.10383995622396469
2.567000150680542 -1.993166208267212 -0.09915809333324432
0.0 -0.0 -0.0
0.0 -0.0 -0.0
0.0 -0.0 -0.0
0.0 -0.0 -0.0
0.0 0.0 -0.0
0.0 0.0 -0.0
0.0 0.0 -0.0
0.0 0.0 -0.0
0.0 0.0 -0.0
1.224000096321106 0.9513147473335266 -0.10510989278554916
1.215000033378601 0.8868554830551147 -0.10430898517370224
1.2070000171661377 0.8237259984016418 -0.10356627404689789
1.1800000667572021 0.7491534352302551 -0.10116958618164062
1.1730000972747803 0.6888237595558167 -0.10046803206205368
1.1660000085830688 0.6291518807411194 -0.09975004196166992
1.1500000953674316 0.5657673478126526 -0.09825173765420914
1.1380000114440918 0.5057777762413025 -0.09709058701992035
1.13100004196167 0.4490433931350708 -0.09635552018880844
1.1120001077651978 0.38892966508865356 -0.09460322558879852
1.1010000705718994 0.3331960439682007 -0.09354131668806076
1.093000054359436 0.279430627822876 -0.09274643659591675
1.068000078201294 0.22302323579788208 -0.0905255377292633
1.058000087738037 0.1715245395898819 -0.08959491550922394
1.0440000295639038 0.12061195820569992 -0.08834496885538101
1.0450000762939453 0.07212506979703903 -0.08838425576686859
1.0210000276565552 0.0230377409607172 -0.08632982522249222
1.0090000629425049 -0.024083267897367477 -0.08531088382005692
0.9890000224113464 -0.06953628361225128 -0.08363523334264755
0.9890000224113464 -0.11550622433423996 -0.08366962522268295
0.9960000514984131 -0.16268771886825562 -0.08431461453437805
1.0410000085830688 -0.21859486401081085 -0.08819650113582611
0.0 -0.0 -0.0
3.260000228881836 -0.9898411631584167 -0.2767849564552307
2.8650002479553223 -1.0046266317367554 -0.2435496300458908
2.7200000286102295 -1.0820437669754028 -0.23152445256710052
2.2080001831054688 -0.9827497601509094 -0.18819130957126617
2.187000036239624 -1.077009916305542 -0.18664145469665527
2.5230000019073486 -1.3621680736541748 -0.21557572484016418
2.4600000381469727 -1.444919228553772 -0.21041864156723022
2.752000093460083 -1.74699068069458 -0.23560650646686554
2.811000108718872 -1.9175894260406494 -0.24082151055335999
2.702000141143799 -1.9708616733551025 -0.23158347606658936
2.6010000705718994 -2.0195770263671875 -0.22296354174613953
0.0 -0.0 -0.0
0.0 -0.0 -0.0
0.0 -0.0 -0.0
0.0 -0.0 -0.0
0.0 0.0 -0.0
0.0 0.0 -0.0
0.0 0.0 -0.0
0.0 0.0 -0.0
0.0 0.0 -0.0
0.0 0.0 -0.0
0.0 0.0 -0.0
0.0 0.0 -0.0
0.0 0.0 -0.0
0.0 0.0 -0.0
0.0 0.0 -0.0
3.867000102996826 1.9030156135559082 -0.5121151804924011
4.039000034332275 1.795722484588623 -0.5341799855232239
4.256999969482422 1.6908137798309326 -0.5622404217720032
3.9180002212524414 1.3709262609481812 -0.5167646408081055
0.0 -0.0 -0.0
1.1440000534057617 0.29261231422424316 -0.15051093697547913
1.1360000371932983 0.23734627664089203 -0.14929929375648499
1.1100000143051147 0.18005308508872986 -0.14575108885765076
1.1040000915527344 0.12761695683002472 -0.14486056566238403
1.1150000095367432 0.07700395584106445 -0.14623089134693146
1.040000081062317 0.023485122248530388 -0.13635684549808502
1.0110000371932983 -0.02413812279701233 -0.13254787027835846
0.9880000352859497 -0.06949727982282639 -0.1295553296804428
0.9880000352859497 -0.11544408649206161 -0.12960685789585114
0.9940000176429749 -0.16243784129619598 -0.13047295808792114
1.0230000019073486 -0.21491430699825287 -0.134386345744133
0.0 -0.0 -0.0
2.746000051498413 -0.8341221809387207 -0.36146995425224304
2.245000123977661 -0.7875248789787292 -0.29587322473526
2.124000072479248 -0.845245897769928 -0.2802760601043701
2.0190000534057617 -0.8989087343215942 -0.2667563855648041
2.00600004196167 -0.9881405830383301 -0.2653631567955017
2.4100000858306885 -1.3014506101608276 -0.3191688060760498
2.5340001583099365 -1.488647222518921 -0.3359273672103882
2.6530001163482666 -1.684362530708313 -0.35199278593063354
2.739000082015991 -1.868627667427063 -0.36362317204475403
2.7270002365112305 -1.9891737699508667 -0.36215969920158386
2.561000108718872 -1.988513708114624 -0.340145081281662
0.0 -0.0 -0.0
0.0 -0.0 -0.0
0.0 -0.0 -0.0
0.0 -0.0 -0.0
0.0 0.0 -0.0
0.0 0.0 -0.0
0.0 0.0 -0.0
0.0 0.0 -0.0
0.0 0.0 -0.0
3.260000228881836 2.5337729454040527 -0.5875483155250549
3.38100004196167 2.468158006668091 -0.609281599521637
3.511000156402588 2.396653890609741 -0.6324636936187744
3.5430002212524414 2.250138282775879 -0.6378230452537537
3.867000102996826 2.2718780040740967 -0.6955564618110657
3.880000114440918 2.0947914123535156 -0.6971725821495056
3.8420002460479736 1.891470193862915 -0.6895355582237244
3.9050002098083496 1.7369540929794312 -0.6999577879905701
4.152000427246094 1.649976134300232 -0.7432616949081421
4.334000110626221 1.517368197441101 -0.7748355865478516
4.449000358581543 1.3478704690933228 -0.7944043278694153
4.771000385284424 1.2211534976959229 -0.8509168028831482
4.383000373840332 0.9164057970046997 -0.7809140682220459
0.0 0.0 -0.0
1.1500000953674316 0.13304053246974945 -0.2045760601758957
1.1470000743865967 0.07928212732076645 -0.2039436399936676
1.0390000343322754 0.023488719016313553 -0.1846906542778015
1.0120000839233398 -0.024171607568860054 -0.17988203465938568
0.9810000658035278 -0.06904773414134979 -0.17440123856067657
0.9690000414848328 -0.11329805105924606 -0.17233367264270782
0.9860000610351562 -0.1612357795238495 -0.17545922100543976
1.0120000839233398 -0.21273884177207947 -0.18022358417510986
0.0 -0.0 -0.0
2.241000175476074 -0.6811144948005676 -0.39987847208976746
2.2120001316070557 -0.776360273361206 -0.39515331387519836
2.1090002059936523 -0.8396796584129333 -0.37720125913619995
2.00600004196167 -0.8934998512268066 -0.3592076897621155
2.009000062942505 -0.9899781346321106 -0.3601591885089874
2.076000213623047 -1.1214193105697632 -0.37256553769111633
2.4250001907348633 -1.424945592880249 -0.4356004595756531
2.689000129699707 -1.707503318786621 -0.48338189721107483
2.739000082015991 -1.868817687034607 -0.4926292300224304
2.7200000286102295 -1.9841464757919312 -0.48934945464134216
2.635000228881836 -2.0459372997283936 -0.47406622767448425
0.0 -0.0 -0.0
0.0 -0.0 -0.0
0.0 -0.0 -0.0
0.0 -0.0 -0.0
0.0 0.0 -0.0
0.0 0.0 -0.0
0.0 0.0 -0.0
0.0 0.0 -0.0
0.0 0.0 -0.0
3.2330000400543213 2.51275372505188 -0.7351897358894348
3.315000057220459 2.420121908187866 -0.7538056969642639
3.511000156402588 2.3969905376434326 -0.7981356382369995
3.5220000743865967 2.2373061180114746 -0.8002015948295593
3.757000207901001 2.207944631576538 -0.85294508934021
3.9840002059936523 2.1518044471740723 -0.9036285877227783
3.892000198364258 1.9170209169387817 -0.8818067312240601
3.880000114440918 1.7268187999725342 -0.878053605556488
4.196000099182129 1.6685426235198975 -0.9484032392501831
4.319000244140625 1.5132057666778564 -0.9750089049339294
4.482000350952148 1.3589354753494263 -1.0106104612350464
4.677000045776367 1.1981054544448853 -1.053421139717102
4.432000160217285 0.9274836778640747 -0.9972609877586365
4.482000350952148 0.728266716003418 -1.007674217224121
0.0 0.0 -0.0
1.1480000019073486 0.0794372409582138 -0.2578117251396179
1.0320000648498535 0.023363512009382248 -0.23170053958892822
0.9890000224113464 -0.023633558303117752 -0.22203503549098969
0.984000027179718 -0.06931224465370178 -0.22094762325286865
0.9800000190734863 -0.11467743664979935 -0.22012926638126373
0.9850000739097595 -0.16120322048664093 -0.22137491405010223
1.0130000114440918 -0.21311767399311066 -0.22783316671848297
0.0 -0.0 -0.0
2.9810001850128174 -0.9066686034202576 -0.6717067360877991
2.879000186920166 -1.0111225843429565 -0.6494200229644775
2.752000093460083 -1.0963300466537476 -0.621465265750885
2.0230000019073486 -0.9015382528305054 -0.4573492407798767
2.0830001831054688 -1.0268948078155518 -0.47141581773757935
2.1060001850128174 -1.138032078742981 -0.4770841598510742
2.51200008392334 -1.4764716625213623 -0.5695309638977051
2.618000030517578 -1.6627336740493774 -0.593950092792511
2.7840001583099365 -1.8997248411178589 -0.6318857073783875
2.702000141143799 -1.9710745811462402 -0.6133931875228882
2.6120002269744873 -2.027996063232422 -0.5929254293441772
0.0 -0.0 -0.0
0.0 -0.0 -0.0
0.0 -0.0 -0.0
0.0 -0.0 -0.0
0.0 0.0 -0.0
0.0 0.0 -0.0
0.0 0.0 -0.0
0.0 0.0 -0.0
0.0 0.0 -0.0
3.1560001373291016 2.452803134918213 -0.8665202260017395
3.315000057220459 2.4202253818511963 -0.9102200865745544
3.4200000762939453 2.3351848125457764 -0.9388623237609863
3.4200000762939453 2.173030376434326 -0.9384508728981018
3.829000234603882 2.251030921936035 -1.0499953031539917
3.867000102996826 2.0895485877990723 -1.0595309734344482
3.8420002460479736 1.893438458442688 -1.0516530275344849
3.892000198364258 1.7332892417907715 -1.0641928911209106
4.13700008392334 1.6463091373443604 -1.129905343055725
4.2870001792907715 1.503246784210205 -1.1695398092269897
4.272000312805176 1.2964473962783813 -1.1641597747802734
4.432000160217285 1.1364638805389404 -1.2065147161483765
4.39900016784668 0.9215462803840637 -1.196424961090088
4.302999973297119 0.6999603509902954 -1.1693958044052124
4.2870001792907715 0.49703508615493774 -1.1643214225769043
0.0 0.0 -0.0
1.0410000085830688 0.02360711060464382 -0.2825329601764679
1.0110000371932983 -0.024172119796276093 -0.2743767499923706
0.9850000739097595 -0.06944461911916733 -0.2673599421977997
0.984000027179718 -0.1152544692158699 -0.2671792209148407
0.9860000610351562 -0.16151951253414154 -0.26786136627197266
1.0110000371932983 -0.21289262175559998 -0.2748400568962097
0.0 -0.0 -0.0
2.241000175476074 -0.682157576084137 -0.6102778315544128
0.0 -0.0 -0.0
2.17900013923645 -0.8686459064483643 -0.5945978164672852
2.445000171661377 -1.0902398824691772 -0.6678637862205505
2.4200000762939453 -1.1936206817626953 -0.6616735458374023
2.236999988555908 -1.209299087524414 -0.61216801404953
2.4810001850128174 -1.458680510520935 -0.6794320940971375
2.567000150680542 -1.6306596994400024 -0.7033660411834717
2.765000104904175 -1.8869432210922241 -0.7578698396682739
2.7270002365112305 -1.9893237352371216 -0.7475259900093079
2.556000232696533 -1.984365463256836 -0.7005458474159241
0.0 -0.0 -0.0
0.0 -0.0 -0.0
0.0 -0.0 -0.0
0.0 -0.0 -0.0
0.0 0.0 -0.0
0.0 0.0 -0.0
0.0 0.0 -0.0
0.0 0.0 -0.0
0.0 0.0 -0.0
3.2330000400543213 2.512434959411621 -1.0400696992874146
3.4800002574920654 2.540715217590332 -1.1196942329406738
3.511000156402588 2.3975987434387207 -1.1295641660690308
3.5430002212524414 2.2517025470733643 -1.1394920349121094
3.8540000915527344 2.2665202617645264 -1.238855242729187
3.880000114440918 2.0975594520568848 -1.2463234663009644
3.867000102996826 1.9068827629089355 -1.2410820722579956
3.8420002460479736 1.7122284173965454 -1.2318726778030396
3.9580001831054688 1.5763596296310425 -1.2677682638168335
3.9050002098083496 1.370552897453308 -1.2494906187057495
3.892000198364258 1.182320237159729 -1.2440645694732666
3.757000207901001 0.9644342064857483 -1.1997652053833008
3.880000114440918 0.813774585723877 -1.2379798889160156
3.7210001945495605 0.6060420870780945 -1.1863775253295898
3.7210001945495605 0.43198448419570923 -1.1856845617294312
0.0 0.0 -0.0
1.055999994277954 0.02399357408285141 -0.33627092838287354
1.0150001049041748 -0.02428111433982849 -0.32319825887680054
0.9860000610351562 -0.06958336383104324 -0.3140060305595398
0.984000027179718 -0.11537504196166992 -0.3134671151638031
0.9880000352859497 -0.16201643645763397 -0.31489241123199463
1.0170000791549683 -0.21437367796897888 -0.3243388831615448
0.0 -0.0 -0.0
0.0 -0.0 -0.0
2.5950000286102295 -0.912813663482666 -0.8296695351600647
2.1440000534057617 -0.8553162813186646 -0.6861152052879333
2.752000093460083 -1.2279038429260254 -0.881489634513855
2.556000232696533 -1.2613561153411865 -0.8194066286087036
2.199000120162964 -1.1892409324645996 -0.7054863572120667
2.491000175476074 -1.4649884700775146 -0.7996492385864258
2.578000068664551 -1.637939691543579 -0.8279289603233337
2.752000093460083 -1.878200888633728 -0.8840005993843079
2.702000141143799 -1.971021294593811 -0.8679296970367432
0.0 -0.0 -0.0
0.0 -0.0 -0.0
0.0 -0.0 -0.0
0.0 -0.0 -0.0
0.0 -0.0 -0.0
0.0 0.0 -0.0
0.0 0.0 -0.0
0.0 0.0 -0.0
0.0 0.0 -0.0
0.0 0.0 -0.0
3.2330000400543213 2.5120863914489746 -1.1923784017562866
3.242000102996826 2.3668630123138428 -1.1959940195083618
3.198000192642212 2.1840221881866455 -1.1797889471054077
3.501000165939331 2.225454807281494 -1.291314959526062
3.501000165939331 2.059603214263916 -1.290796160697937
3.440000057220459 1.8605543375015259 -1.2675694227218628
3.511000156402588 1.7323659658432007 -1.2927916049957275
3.491000175476074 1.5569310188293457 -1.284354329109192
3.4100000858306885 1.359259843826294 -1.2534210681915283
3.371000051498413 1.1842738389968872 -1.2379332780838013
3.315000057220459 1.0081161260604858 -1.2162511348724365
3.2960002422332764 0.8470820784568787 -1.2082300186157227
3.2960002422332764 0.6921577453613281 -1.2072809934616089
3.324000120162964 0.5421083569526672 -1.2167160511016846
3.2960002422332764 0.38319239020347595 -1.2058160305023193
2.9580001831054688 0.20556233823299408 -1.081742763519287
1.0500000715255737 0.023908276110887527 -0.38390031456947327
1.0140000581741333 -0.024270033463835716 -0.37071871757507324
0.9930000305175781 -0.07014968246221542 -0.363084077835083
0.9880000352859497 -0.11597233265638351 -0.36135783791542053
0.999000072479248 -0.16400182247161865 -0.36553987860679626
1.0240000486373901 -0.21608111262321472 -0.37490054965019226
0.0 -0.0 -0.0
2.0230000019073486 -0.6169336438179016 -0.7417152523994446
2.0510001182556152 -0.7220721244812012 -0.7525901794433594
2.1130001544952393 -0.8435816168785095 -0.7759772539138794
2.7330000400543213 -1.2202032804489136 -1.0044623613357544
2.6530001163482666 -1.3099008798599243 -0.9757673740386963
2.817000150680542 -1.5240578651428223 -1.0367258787155151
2.9000000953674316 -1.7059780359268188 -1.0677762031555176
2.556000232696533 -1.6241894960403442 -0.9413934350013733
2.630000114440918 -1.7949758768081665 -0.9687379598617554
2.6010000705718994 -1.897178053855896 -0.9579357504844666
2.0300002098083496 -1.575516700744629 -0.7473790645599365
0.0 -0.0 -0.0
0.0 -0.0 -0.0
0.0 -0.0 -0.0
0.0 -0.0 -0.0
0.0 0.0 -0.0
0.0 0.0 -0.0
0.0 0.0 -0.0
0.0 0.0 -0.0
0.0 0.0 -0.0
3.0980000495910645 2.406696319580078 -1.288401484489441
2.9730000495910645 2.170252799987793 -1.2368494272232056
3.074000120162964 2.0993709564208984 -1.2790486812591553
3.06600022315979 1.9492260217666626 -1.275633692741394
3.0190000534057617 1.7765529155731201 -1.2557473182678223
3.011000156402588 1.6292222738265991 -1.2518696784973145
3.003000259399414 1.482559323310852 -1.2478125095367432
2.996000051498413 1.3371193408966064 -1.2440353631973267
2.9810001850128174 1.1892619132995605 -1.236850380897522
2.9580001831054688 1.0401934385299683 -1.2263140678405762
2.9660000801086426 0.9029667377471924 -1.2286360263824463
2.9000000953674316 0.7462025880813599 -1.2003682851791382
2.951000213623047 0.6205125451087952 -1.2206178903579712
2.936000108718872 0.47949668765068054 -1.2136744260787964
2.944000244140625 0.34278061985969543 -1.2163853645324707
2.8510000705718994 0.19845378398895264 -1.1775436401367188
1.062000036239624 0.024237150326371193 -0.4385456442832947
1.0160000324249268 -0.024329178035259247 -0.4195282757282257
0.999000072479248 -0.07064685225486755 -0.41255033016204834
0.9930000305175781 -0.11669044941663742 -0.4101744592189789
0.999000072479248 -0.1641867309808731 -0.41281139850616455
1.0329999923706055 -0.21821798384189606 -0.42707541584968567
0.0 -0.0 -0.0
2.187000036239624 -0.6675776839256287 -0.905318021774292
2.7970001697540283 -0.985541582107544 -1.1586412191390991
2.765000104904175 -1.104692816734314 -1.1461880207061768
2.7330000400543213 -1.2209492921829224 -1.1336747407913208
2.578000068664551 -1.273482322692871 -1.0700091123580933
0.0 -0.0 -0.0
2.7330000400543213 -1.6080758571624756 -1.1352604627609253
2.4600000381469727 -1.563310146331787 -1.0220208168029785
2.5230000019073486 -1.7218694686889648 -1.0481562614440918
2.5230000019073486 -1.8399924039840698 -1.0479016304016113
2.072000026702881 -1.6077014207839966 -0.8601963520050049
0.0 -0.0 -0.0
0.0 -0.0 -0.0
0.0 -0.0 -0.0
0.0 -0.0 -0.0
0.0 0.0 -0.0
0.0 0.0 -0.0
0.0 0.0 -0.0
0.0 0.0 -0.0
0.0 0.0 -0.0
2.7710001468658447 2.152060031890869 -1.282669186592102
2.7910001277923584 2.037024974822998 -1.292507529258728
2.7330000400543213 1.8663684129714966 -1.2659751176834106
2.752000093460083 1.7497198581695557 -1.2748581171035767
2.7140002250671387 1.5974124670028687 -1.2571003437042236
2.7330000400543213 1.4793331623077393 -1.2655302286148071
2.689000129699707 1.3282194137573242 -1.2446106672286987
2.7270002365112305 1.217868447303772 -1.2615010738372803
2.6530001163482666 1.0592588186264038 -1.2264902591705322
2.6120002269744873 0.9193856120109558 -1.2067142724990845
2.6530001163482666 0.8085402846336365 -1.2248083353042603
2.6120002269744873 0.6728938817977905 -1.2050728797912598
2.6010000705718994 0.5476251244544983 -1.1992583274841309
2.6010000705718994 0.4253796935081482 -1.198614478111267
2.6010000705718994 0.30330169200897217 -1.1980923414230347
0.0 -0.0 -0.0
1.0670000314712524 0.02441008947789669 -0.4912412762641907
1.0180000066757202 -0.024385597556829453 -0.46865716576576233
1.0010000467300415 -0.070858895778656 -0.46086883544921875
0.9910000562667847 -0.11658313125371933 -0.456361323595047
1.0040000677108765 -0.16519008576869965 -0.4625001847743988
1.027999997138977 -0.21739226579666138 -0.4737597703933716
0.0 -0.0 -0.0
2.2160000801086426 -0.6770424842834473 -1.0223499536514282
2.3480000495910645 -0.8279951810836792 -1.083879828453064
2.4000000953674316 -0.9595174193382263 -1.1085176467895508
2.5450000762939453 -1.1375863552093506 -1.1761085987091064
2.117000102996826 -1.0461878776550293 -0.9787542819976807
2.2080001831054688 -1.1953128576278687 -1.0211637020111084
2.3910000324249268 -1.407029151916504 -1.1060041189193726
2.38100004196167 -1.5130984783172607 -1.1013983488082886
2.371000051498413 -1.6179214715957642 -1.0965893268585205
1.9560000896453857 -1.4261384010314941 -0.9043262004852295
1.8990000486373901 -1.4729689359664917 -0.8774916529655457
0.0 -0.0 -0.0
0.0 -0.0 -0.0
0.0 -0.0 -0.0
0.0 -0.0 -0.0
0.0 0.0 -0.0
0.0 0.0 -0.0
0.0 0.0 -0.0
0.0 0.0 -0.0
0.0 0.0 -0.0
2.4600000381469727 1.9098305702209473 -1.2541723251342773
2.507000207901001 1.8292487859725952 -1.278825283050537
2.4760000705718994 1.690595030784607 -1.2634806632995605
2.440000057220459 1.5513070821762085 -1.2453504800796509
2.4250001907348633 1.427475929260254 -1.2377163171768188
2.4200000762939453 1.3102588653564453 -1.2349854707717896
2.430000066757202 1.2007914781570435 -1.239732027053833
2.430000066757202 1.0858521461486816 -1.2392312288284302
2.4150002002716064 0.964931070804596 -1.230976939201355
2.4050002098083496 0.8472586274147034 -1.2252110242843628
2.3950002193450928 0.7306422591209412 -1.2194232940673828
2.3950002193450928 0.6176862120628357 -1.2187402248382568
2.386000156402588 0.5029825568199158 -1.213525652885437
2.386000156402588 0.39074650406837463 -1.2129663228988647
2.38100004196167 0.27805817127227783 -1.2099671363830566
0.0 0.0 -0.0
1.0730000734329224 0.024608243256807327 -0.5450291037559509
1.0240000486373901 -0.02453385852277279 -0.5201119780540466
1.002000093460083 -0.07099398970603943 -0.5089694857597351
0.9950000643730164 -0.11717290431261063 -0.5055009126663208
1.0040000677108765 -0.16535943746566772 -0.5102115273475647
1.037000060081482 -0.21951155364513397 -0.5271678566932678
0.0 -0.0 -0.0
2.0910000801086426 -0.6393771767616272 -1.0638999938964844
2.267000198364258 -0.8000002503395081 -1.153979778289795
2.2330000400543213 -0.8932748436927795 -1.1371697187423706
2.307000160217285 -1.0316689014434814 -1.1753044128417969
2.117000102996826 -1.046512484550476 -1.0788285732269287
2.121000051498413 -1.1484063863754272 -1.0810624361038208
2.254000186920166 -1.3264424800872803 -1.1488975286483765
2.263000011444092 -1.437953233718872 -1.1533445119857788
1.8090001344680786 -1.234136939048767 -0.9216902256011963
1.8930001258850098 -1.3797348737716675 -0.9640339612960815
1.902000069618225 -1.4746655225753784 -0.9679980874061584
0.0 -0.0 -0.0
0.0 -0.0 -0.0
0.0 -0.0 -0.0
0.0 -0.0 -0.0
