0.0 0.0 0.0
0.0 0.0 0.0
0.0 0.0 0.0
0.0 0.0 0.0
0.0 0.0 0.0
2.4100000858306885 1.8693939447402954 1.3816300630569458
2.4600000381469727 1.7935869693756104 1.411237120628357
2.430000066757202 1.6581488847732544 1.3947656154632568
2.561000108718872 1.6274853944778442 1.4705103635787964
2.6710002422332764 1.5718488693237305 1.5340092182159424
2.7270002365112305 1.4763630628585815 1.5662792921066284
2.7270002365112305 1.3477295637130737 1.5661722421646118
2.752000093460083 1.2301558256149292 1.580236792564392
2.886000156402588 1.153752326965332 1.6567188501358032
2.8650002479553223 1.0100651979446411 1.6440953016281128
2.9000000953674316 0.8855298161506653 1.6635401248931885
2.886000156402588 0.7451466917991638 1.6548529863357544
2.92900013923645 0.6182405352592468 1.6788674592971802
2.9150002002716064 0.47806820273399353 1.6702649593353271
2.92900013923645 0.3426111340522766 1.6777998208999634
2.951000213623047 0.20650041103363037 1.6900306940078735
2.9150002002716064 0.06706267595291138 1.6691815853118896
2.765000104904175 -0.06622345000505447 1.5832042694091797
2.8510000705718994 -0.20215243101119995 1.63249933719635
2.9000000953674316 -0.34182608127593994 1.6607441902160645
2.9660000801086426 -0.4889634847640991 1.698851227760315
2.9730000495910645 -0.6298836469650269 1.7032666206359863
2.9730000495910645 -0.769738495349884 1.7037347555160522
2.9810001850128174 -0.9121246337890625 1.7088127136230469
2.996000051498413 -1.0577986240386963 1.7178864479064941
3.0420000553131104 -1.2173172235488892 1.7446781396865845
2.9810001850128174 -1.3332854509353638 1.7099872827529907
2.9810001850128174 -1.4735713005065918 1.710123062133789
2.9660000801086426 -1.6055678129196167 1.701454997062683
3.06600022315979 -1.8035528659820557 1.7585163116455078
2.9580001831054688 -1.8784760236740112 1.6960257291793823
3.06600022315979 -2.0901501178741455 1.7571102380752563
2.9580001831054688 -2.154111385345459 1.694149374961853
2.8650002479553223 -2.2191717624664307 1.6396273374557495
0.0 -0.0 0.0
0.0 -0.0 0.0
0.0 -0.0 0.0
0.0 -0.0 0.0
0.0 0.0 0.0
0.0 0.0 0.0
0.0 0.0 0.0
0.0 0.0 0.0
0.0 0.0 0.0
0.0 0.0 0.0
2.5340001583099365 1.8483235836029053 1.334964394569397
2.5500001907348633 1.7405976057052612 1.343977689743042
2.5840001106262207 1.642438292503357 1.3622536659240723
2.7330000400543213 1.6084471940994263 1.440934181213379
2.746000051498413 1.4865360260009766 1.4476847648620605
2.886000156402588 1.4259843826293945 1.5211669206619263
3.011000156402588 1.3454152345657349 1.5865248441696167
2.9580001831054688 1.1819039583206177 1.5579404830932617
3.0980000495910645 1.0914654731750488 1.6308903694152832
3.1470000743865967 0.960163414478302 1.6558400392532349
3.181000232696533 0.8205318450927734 1.6728781461715698
3.198000192642212 0.6742937564849854 1.6810126304626465
3.207000255584717 0.5253275632858276 1.6850268840789795
3.181000232696533 0.3715924620628357 1.6707794666290283
3.2160000801086426 0.22469577193260193 1.6887227296829224
3.2330000400543213 0.07419580221176147 1.6973788738250732
3.242000102996826 -0.0776587724685669 1.7020134925842285
3.198000192642212 -0.2266022115945816 1.679003357887268
3.1060001850128174 -0.36581048369407654 1.6309529542922974
3.0980000495910645 -0.5103036761283875 1.6271488666534424
3.198000192642212 -0.6770220398902893 1.6802058219909668
3.2960002422332764 -0.8527568578720093 1.7323379516601562
3.2690000534057617 -0.9996266961097717 1.718835473060608
3.242000102996826 -1.144073247909546 1.7053247690200806
3.2870001792907715 -1.3148572444915771 1.7296417951583862
3.2780001163482666 -1.4657611846923828 1.7254488468170166
3.2690000534057617 -1.6157641410827637 1.7210994958877563
3.315000057220459 -1.7945510149002075 1.7455061674118042
3.2960002422332764 -1.9391777515411377 1.7354437112808228
3.2160000801086426 -2.0429232120513916 1.6929945945739746
3.1560001373291016 -2.1523821353912354 1.6608052253723145
2.996000051498413 -2.1828763484954834 1.5757642984390259
2.9730000495910645 -2.3041372299194336 1.562578558921814
0.0 -0.0 0.0
0.0 -0.0 0.0
0.0 -0.0 0.0
0.0 -0.0 0.0
0.0 0.0 0.0
0.0 0.0 0.0
0.0 0.0 0.0
0.0 0.0 0.0
0.0 0.0 0.0
2.496000051498413 1.9378674030303955 1.1971536874771118
2.440000057220459 1.7803374528884888 1.1708956956863403
2.4810001850128174 1.6938626766204834 1.1909617185592651
2.6010000705718994 1.6533863544464111 1.2487376928329468
2.689000129699707 1.582464575767517 1.2909259796142578
2.758000135421753 1.4927254915237427 1.3237650394439697
2.9070000648498535 1.4358437061309814 1.394775390625
2.951000213623047 1.3179270029067993 1.4152069091796875
3.0900001525878906 1.233824610710144 1.4810295104980469
3.1560001373291016 1.1109989881515503 1.511730670928955
3.242000102996826 0.9882126450538635 1.55194091796875
3.4100000858306885 0.8786582350730896 1.6313531398773193
3.4700002670288086 0.7307732701301575 1.6591060161590576
3.501000165939331 0.5727378726005554 1.6730879545211792
3.5220000743865967 0.4108375012874603 1.682435154914856
3.5220000743865967 0.2456739991903305 1.6819311380386353
3.5320000648498535 0.0808580294251442 1.6864045858383179
3.564000129699707 -0.08536398410797119 1.7015935182571411
3.575000286102295 -0.253102570772171 1.7069705724716187
3.619000196456909 -0.4258214235305786 1.7283138036727905
3.5320000648498535 -0.581230878829956 1.6872761249542236
3.450000047683716 -0.729695200920105 1.6487549543380737
3.619000196456909 -0.9355248808860779 1.730325698852539
3.5970001220703125 -1.0990886688232422 1.7206846475601196
3.641000270843506 -1.284042477607727 1.7426482439041138
3.6750001907348633 -1.4692938327789307 1.759814977645874
3.619000196456909 -1.6176108121871948 1.733790636062622
3.5220000743865967 -1.7403842210769653 1.6879476308822632
3.4700002670288086 -1.8782645463943481 1.663450837135315
3.3520002365112305 -1.9721976518630981 1.6070611476898193
3.2330000400543213 -2.0540716648101807 1.549919605255127
3.190000057220459 -2.176203727722168 1.528937578201294
3.0900001525878906 -2.2522552013397217 1.480373501777649
2.9070000648498535 -2.2540645599365234 1.391848087310791
0.0 -0.0 0.0
0.0 -0.0 0.0
0.0 -0.0 0.0
0.0 -0.0 0.0
0.0 0.0 0.0
0.0 0.0 0.0
0.0 0.0 0.0
0.0 0.0 0.0
0.0 0.0 0.0
2.51200008392334 1.9509316682815552 1.0868703126907349
2.4100000858306885 1.7588560581207275 1.0431761741638184
2.5450000762939453 1.7377573251724243 1.10184907913208
2.5950000286102295 1.6495437622070312 1.1235074996948242
2.689000129699707 1.5822104215621948 1.1639891862869263
2.811000108718872 1.520938515663147 1.2163604497909546
2.886000156402588 1.4248117208480835 1.2481786012649536
2.9220001697540283 1.3041750192642212 1.2629594802856445
3.06600022315979 1.2233117818832397 1.3242673873901367
3.2160000801086426 1.1311036348342896 1.38801908493042
3.315000057220459 1.0094250440597534 1.4296718835830688
3.4600002765655518 0.8905181884765625 1.4911284446716309
3.5530002117156982 0.7473105788230896 1.5301940441131592
3.686000108718872 0.6021787524223328 1.5865623950958252
3.8420002460479736 0.44750046730041504 1.6529420614242554
3.9050002098083496 0.2719365060329437 1.6794813871383667
3.9180002212524414 0.08947782963514328 1.6847398281097412
3.998000144958496 -0.09573256969451904 1.7190496921539307
4.039000034332275 -0.28568124771118164 1.7368388175964355
4.052000045776367 -0.47626739740371704 1.7428317070007324
3.9710001945495605 -0.6527822017669678 1.708604335784912
4.152000427246094 -0.8772780895233154 1.7873190641403198
4.13700008392334 -1.0684137344360352 1.7818504571914673
4.095000267028809 -1.2501800060272217 1.7648451328277588
3.892000198364258 -1.371527910232544 1.678436517715454
3.769000291824341 -1.5059254169464111 1.626428484916687
3.564000129699707 -1.5922327041625977 1.5388802289962769
3.4200000762939453 -1.6893738508224487 1.4774647951126099
3.4600002765655518 -1.8724452257156372 1.4953445196151733
3.371000051498413 -1.9832258224487305 1.4572503566741943
3.242000102996826 -2.0599122047424316 1.4015971422195435
3.198000192642212 -2.182065486907959 1.3824182748794556
2.9810001850128174 -2.173450469970703 1.2882059812545776
2.996000051498413 -2.323976993560791 1.2940151691436768
0.0 -0.0 0.0
0.0 -0.0 0.0
0.0 -0.0 0.0
0.0 -0.0 0.0
0.0 0.0 0.0
0.0 0.0 0.0
0.0 0.0 0.0
0.0 0.0 0.0
0.0 0.0 0.0
2.51200008392334 1.9514200687408447 0.9687467217445374
2.445000171661377 1.7846652269363403 0.9432129263877869
2.5390000343322754 1.7337127923965454 0.9795747995376587
2.5950000286102295 1.6493765115737915 1.0010629892349243
2.689000129699707 1.5818275213241577 1.0369919538497925
2.752000093460083 1.4884390830993652 1.060755729675293
2.886000156402588 1.4240517616271973 1.1116834878921509
3.003000259399414 1.3394203186035156 1.155870795249939
3.0420000553131104 1.212746262550354 1.1699047088623047
3.207000255584717 1.1268717050552368 1.2322911024093628
3.198000192642212 0.9727596640586853 1.2277735471725464
3.491000175476074 0.8974385857582092 1.3391634225845337
3.5430002212524414 0.7442532181739807 1.3580989837646484
3.7210001945495605 0.6070589423179626 1.4254150390625
3.892000198364258 0.45265164971351624 1.4901535511016846
3.892000198364258 0.2705848515033722 1.489601731300354
4.256999969482422 0.09699408710002899 1.6289507150650024
4.350000381469727 -0.104118712246418 1.664450764656067
4.2260003089904785 -0.2986065149307251 1.6171818971633911
4.350000381469727 -0.5107319951057434 1.665075421333313
4.551000118255615 -0.7473024129867554 1.7427263259887695
4.366000175476074 -0.9215124845504761 1.6727787256240845
4.334000110626221 -1.118171215057373 1.661577582359314
4.2260003089904785 -1.2889928817749023 1.6213265657424927
4.011000156402588 -1.412312626838684 1.5400007963180542
3.9050002098083496 -1.5591744184494019 1.5004405975341797
3.641000270843506 -1.6257007122039795 1.400017499923706
3.5220000743865967 -1.7389934062957764 1.3551440238952637
3.3520002365112305 -1.8134493827819824 1.2904313802719116
3.38100004196167 -1.98878014087677 1.3021074533462524
3.2690000534057617 -2.0770015716552734 1.2592440843582153
3.2160000801086426 -2.194552421569824 1.2388437986373901
3.06600022315979 -2.235886812210083 1.1808215379714966
2.9580001831054688 -2.2951977252960205 1.1387450695037842
0.0 -0.0 0.0
0.0 -0.0 0.0
0.0 -0.0 0.0
0.0 -0.0 0.0
0.0 0.0 0.0
0.0 0.0 0.0
0.0 0.0 0.0
0.0 0.0 0.0
0.0 0.0 0.0
2.38100004196167 1.8499876260757446 0.806140661239624
2.4250001907348633 1.7702066898345947 0.8212237358093262
2.556000232696533 1.7452565431594849 0.8655782341957092
2.5840001106262207 1.6421160697937012 0.8748510479927063
2.7200000286102295 1.5995876789093018 0.9204815030097961
2.746000051498413 1.484548807144165 0.9286922216415405
2.8580000400543213 1.4094302654266357 0.9658158421516418
2.944000244140625 1.3121798038482666 0.993993878364563
2.9880001544952393 1.1902276277542114 1.0078860521316528
3.2160000801086426 1.1289591789245605 1.083730697631836
3.3520002365112305 1.018520712852478 1.128473162651062
3.501000165939331 0.8989631533622742 1.1775649785995483
3.619000196456909 0.7592640519142151 1.2162573337554932
3.931000232696533 0.6404581665992737 1.3201861381530762
3.931000232696533 0.45653045177459717 1.3194468021392822
3.9180002212524414 0.27196168899536133 1.3145564794540405
4.272000312805176 0.09712397307157516 1.433000922203064
4.2870001792907715 -0.10256040096282959 1.437958002090454
4.319000244140625 -0.3048670291900635 1.448873519897461
4.499000072479248 -0.5276460647583008 1.509704828262329
4.604000091552734 -0.7551745176315308 1.5456427335739136
4.39900016784668 -0.9274898767471313 1.477701187133789
4.350000381469727 -1.121171236038208 1.4622828960418701
4.241000175476074 -1.2923680543899536 1.4267832040786743
3.892000198364258 -1.3692681789398193 1.3104894161224365
3.8420002460479736 -1.5329028367996216 1.294779896736145
3.829000234603882 -1.7085962295532227 1.2914904356002808
3.5430002212524414 -1.7485090494155884 1.1959564685821533
3.511000156402588 -1.8987877368927002 1.1859502792358398
3.3430001735687256 -1.9659775495529175 1.1297950744628906
3.2240002155303955 -2.0482027530670166 1.089951515197754
3.181000232696533 -2.1707122325897217 1.0755581855773926
3.1060001850128174 -2.265353202819824 1.050101399421692
2.9810001850128174 -2.3135712146759033 1.0075106620788574
0.0 -0.0 0.0
0.0 -0.0 0.0
0.0 -0.0 0.0
0.0 -0.0 0.0
0.0 0.0 0.0
0.0 0.0 0.0
0.0 0.0 0.0
0.0 0.0 0.0
0.0 0.0 0.0
2.4250001907348633 1.8844040632247925 0.7067884802818298
2.4760000705718994 1.8074805736541748 0.7217501401901245
2.5500001907348633 1.7410125732421875 0.7432363033294678
2.6590001583099365 1.6894359588623047 0.7747332453727722
2.677000045776367 1.5737870931625366 0.779534637928009
2.752000093460083 1.487121343612671 0.8007713556289673
2.886000156402588 1.4224194288253784 0.8390071988105774
2.879000186920166 1.2823153734207153 0.8361324071884155
2.936000108718872 1.168566346168518 0.851780116558075
3.2780001163482666 1.1496683359146118 0.9499740600585938
3.315000057220459 1.0062552690505981 0.9596864581108093
3.38100004196167 0.8671911358833313 0.9778286814689636
3.5320000648498535 0.7401323914527893 1.020595908164978
3.7330002784729004 0.607430636882782 1.0778625011444092
3.880000114440918 0.4500011205673218 1.1196351051330566
4.052000045776367 0.28084927797317505 1.1687687635421753
4.272000312805176 0.09693089872598648 1.231927514076233
4.319000244140625 -0.10327143967151642 1.2454169988632202
4.319000244140625 -0.3045671582221985 1.2455904483795166
4.449000358581543 -0.5212332606315613 1.2834978103637695
4.677000045776367 -0.7663413286209106 1.349942922592163
4.383000373840332 -0.9231733679771423 1.2659063339233398
4.272000312805176 -1.1000016927719116 1.2348084449768066
3.9580001831054688 -1.2050451040267944 1.1450531482696533
3.892000198364258 -1.3681517839431763 1.1270220279693604
3.867000102996826 -1.5417665243148804 1.1208688020706177
3.769000291824341 -1.6807886362075806 1.093504786491394
3.5530002117156982 -1.752563238143921 1.0317575931549072
3.4800002574920654 -1.8812979459762573 1.0113567113876343
3.371000051498413 -1.981917142868042 0.9803097248077393
3.207000255584717 -2.0371015071868896 0.9330463409423828
3.1640000343322754 -2.159036636352539 0.9207621216773987
3.0900001525878906 -2.2538418769836426 0.8992363214492798
3.003000259399414 -2.331026315689087 0.8737117648124695
0.0 -0.0 0.0
0.0 -0.0 0.0
0.0 -0.0 0.0
0.0 -0.0 0.0
0.0 0.0 0.0
0.0 0.0 0.0
0.0 0.0 0.0
0.0 0.0 0.0
0.0 0.0 0.0
2.38100004196167 1.8503526449203491 0.5817255973815918
2.5180001258850098 1.838115930557251 0.6152295470237732
2.5500001907348633 1.7408168315887451 0.6229193806648254
2.630000114440918 1.6706452369689941 0.6421716809272766
2.758000135421753 1.6208736896514893 0.6729731559753418
2.758000135421753 1.4897085428237915 0.6723960041999817
2.879000186920166 1.4181907176971436 0.7011920213699341
2.8580000400543213 1.272128939628601 0.6953099370002747
2.944000244140625 1.1708669662475586 0.7154045104980469
2.9580001831054688 1.036558747291565 0.7179699540138245
3.324000120162964 1.0080472230911255 0.8058959245681763
3.440000057220459 0.8814342021942139 0.8331423401832581
3.5220000743865967 0.7372409105300903 0.8521996140480042
3.7090001106262207 0.6028346419334412 0.8967294692993164
4.080000400543213 0.472622275352478 0.9858015775680542
4.319000244140625 0.298959881067276 1.043078899383545
4.319000244140625 0.09782493114471436 1.0428143739700317
4.350000381469727 -0.10395834594964981 1.0502456426620483
4.2870001792907715 -0.30203601717948914 1.035191535949707
4.551000118255615 -0.5326684713363647 1.0993214845657349
4.659000396728516 -0.7626553177833557 1.1260063648223877
4.465000152587891 -0.9395625591278076 1.0798698663711548
4.449000358581543 -1.1445555686950684 1.0768994092941284
4.319000244140625 -1.3138600587844849 1.0464208126068115
4.052000045776367 -1.423313856124878 0.9827330708503723
3.769000291824341 -1.5016766786575317 0.9150616526603699
3.6080002784729004 -1.608048915863037 0.8768899440765381
3.564000129699707 -1.7571340799331665 0.8670557141304016
3.5430002212524414 -1.9146229028701782 0.862716019153595
3.4100000858306885 -2.004291534423828 0.8309515118598938
0.0 -0.0 0.0
0.0 -0.0 0.0
3.0500001907348633 -2.2247226238250732 0.743977427482605
3.0190000534057617 -2.3437063694000244 0.7363020777702332
0.0 -0.0 0.0
0.0 -0.0 0.0
0.0 -0.0 0.0
0.0 -0.0 0.0
0.0 0.0 0.0
0.0 0.0 0.0
0.0 0.0 0.0
0.0 0.0 0.0
0.0 0.0 0.0
2.4050002098083496 1.8690826892852783 0.47417935729026794
2.5340001583099365 1.8497296571731567 0.4996049106121063
2.5450000762939453 1.7371923923492432 0.5016311407089233
2.5500001907348633 1.6194826364517212 0.5023477077484131
2.7270002365112305 1.602163553237915 0.5368092656135559
2.7840001583099365 1.5031489133834839 0.5475120544433594
2.886000156402588 1.4209368228912354 0.5669544339179993
2.944000244140625 1.3096448183059692 0.5776636600494385
2.996000051498413 1.1907538175582886 0.5871423482894897
3.207000255584717 1.1229785680770874 0.6277178525924683
3.2870001792907715 0.9960143566131592 0.6426107287406921
3.4200000762939453 0.8755394220352173 0.6678726077079773
3.564000129699707 0.7453336715698242 0.6953070759773254
3.7210001945495605 0.6041855812072754 0.7253296375274658
3.867000102996826 0.44747859239578247 0.7532907724380493
4.052000045776367 0.2801593542098999 0.7889593839645386
4.39900016784668 0.0994877964258194 0.8562984466552734
4.39900016784668 -0.10507876425981522 0.8562548756599426
4.2870001792907715 -0.3017951250076294 0.8345882892608643
4.39900016784668 -0.5144429206848145 0.8567055463790894
4.677000045776367 -0.7649557590484619 0.911354660987854
4.302999973297119 -0.9047297835350037 0.8390913009643555
4.366000175476074 -1.1223232746124268 0.8521268963813782
4.052000045776367 -1.2317339181900024 0.7916333675384521
3.931000232696533 -1.3798828125 0.7688255906105042
3.829000234603882 -1.524662733078003 0.749718964099884
3.6750001907348633 -1.6370494365692139 0.720373809337616
3.564000129699707 -1.7563573122024536 0.6993658542633057
3.5320000648498535 -1.908002257347107 0.693763792514801
3.4100000858306885 -2.0037624835968018 0.6703591346740723
3.2780001163482666 -2.081482172012329 0.6448279023170471
0.0 -0.0 0.0
3.198000192642212 -2.3326687812805176 0.6294723749160767
2.9810001850128174 -2.3143723011016846 0.5867093801498413
0.0 -0.0 0.0
0.0 -0.0 0.0
0.0 -0.0 0.0
0.0 -0.0 0.0
0.0 0.0 0.0
0.0 0.0 0.0
0.0 0.0 0.0
0.0 0.0 0.0
0.0 0.0 0.0
2.3950002193450928 1.861349105834961 0.3592461347579956
2.4150002002716064 1.762787103652954 0.36222144961357117
2.556000232696533 1.7445026636123657 0.38323870301246643
2.6120002269744873 1.6585464477539062 0.3914012312889099
2.702000141143799 1.5870563983917236 0.40455424785614014
2.758000135421753 1.4886045455932617 0.4125217795372009
2.886000156402588 1.4203482866287231 0.43116986751556396
3.003000259399414 1.3352428674697876 0.44809088110923767
3.181000232696533 1.2635836601257324 0.4740387201309204
3.2780001163482666 1.1471357345581055 0.48786553740501404
3.260000228881836 0.9871712327003479 0.4845864176750183
3.440000057220459 0.8800250291824341 0.5107563138008118
3.5530002117156982 0.7424639463424683 0.5269957780838013
3.7090001106262207 0.6017497777938843 0.5496593713760376
3.829000234603882 0.44270268082618713 0.5670560598373413
3.9050002098083496 0.2697463035583496 0.5780327916145325
4.39900016784668 0.09936784952878952 0.6509813070297241
4.319000244140625 -0.10312553495168686 0.6391102075576782
4.2260003089904785 -0.29730531573295593 0.6254533529281616
4.432000160217285 -0.5179423689842224 0.6561906337738037
4.7330002784729 -0.7735781073570251 0.7011617422103882
4.640000343322754 -0.9749271273612976 0.6879067420959473
4.319000244140625 -1.1095249652862549 0.6409029960632324
3.998000144958496 -1.2145830392837524 0.5938869714736938
3.880000114440918 -1.361221194267273 0.5770097970962524
3.7930002212524414 -1.509569764137268 0.564736008644104
0.0 -0.0 -0.0
1.1080000400543213 -0.5458241105079651 0.1653512716293335
1.0870000123977661 -0.5870243906974792 0.16238625347614288
1.0670000314712524 -0.6268393397331238 0.15954183042049408
1.0420000553131104 -0.6615508794784546 0.15591488778591156
1.0200001001358032 -0.6958552002906799 0.15269771218299866
1.0040000677108765 -0.7323193550109863 0.15033791959285736
0.0 -0.0 0.0
0.0 -0.0 0.0
0.0 -0.0 0.0
0.0 -0.0 0.0
0.0 -0.0 0.0
0.0 0.0 0.0
0.0 0.0 0.0
0.0 0.0 0.0
0.0 0.0 0.0
0.0 0.0 0.0
2.4050002098083496 1.8691378831863403 0.24730059504508972
2.455000162124634 1.7919142246246338 0.25241872668266296
2.5950000286102295 1.7709577083587646 0.26671406626701355
2.5840001106262207 1.6405260562896729 0.26541584730148315
2.7140002250671387 1.593780279159546 0.27852919697761536
2.7330000400543213 1.4747275114059448 0.2801852822303772
2.8310000896453857 1.3928409814834595 0.2898869216442108
2.951000213623047 1.3116397857666016 0.30178725719451904
3.198000192642212 1.2698074579238892 0.3266139030456543
3.207000255584717 1.1217713356018066 0.32710155844688416
0.0 0.0 0.0
0.0 0.0 0.0
0.0 0.0 0.0
0.0 0.0 0.0
0.0 0.0 0.0
2.2760000228881836 0.1571115404367447 0.23085981607437134
0.0 0.0 0.0
0.0 -0.0 0.0
1.3130000829696655 -0.0923258364200592 0.13316036760807037
1.2860000133514404 -0.15020914375782013 0.13047271966934204
1.2540000677108765 -0.20485152304172516 0.1273014098405838
1.2160000801086426 -0.25536859035491943 0.12353965640068054
1.190000057220459 -0.3055555522441864 0.1210113912820816
1.1680001020431519 -0.35467395186424255 0.11890077590942383
1.1410000324249268 -0.40012890100479126 0.1162867322564125
1.1160000562667847 -0.44398629665374756 0.1138763576745987
1.096000075340271 -0.48784124851226807 0.1119714081287384
1.0720000267028809 -0.5279392600059509 0.10964778065681458
1.062000036239624 -0.5733899474143982 0.1087421253323555
1.027999997138977 -0.603819727897644 0.10535933822393417
1.0110000371932983 -0.6417894959449768 0.10369469225406647
0.9920000433921814 -0.6767051815986633 0.1017991453409195
0.9860000610351562 -0.7191755175590515 0.10121029615402222
0.0 -0.0 0.0
0.0 -0.0 0.0
0.0 -0.0 0.0
0.0 -0.0 0.0
0.0 -0.0 0.0
0.0 0.0 0.0
0.0 0.0 0.0
0.0 0.0 0.0
0.0 0.0 0.0
0.0 0.0 0.0
2.4000000953674316 1.8652622699737549 0.13357071578502655
2.445000171661377 1.7845702171325684 0.13606706261634827
2.5340001583099365 1.7292267084121704 0.14097128808498383
2.5950000286102295 1.6473544836044312 0.1442766636610031
2.746000051498413 1.6123621463775635 0.15254318714141846
1.852000117301941 0.9991739392280579 0.10277403891086578
1.790000081062317 0.8804964423179626 0.09921622276306152
1.725000023841858 0.7665365934371948 0.09549149870872498
1.6760001182556152 0.6653014421463013 0.09265663474798203
1.6390000581741333 0.5731349587440491 0.09049208462238312
1.5780000686645508 0.47744667530059814 0.08701422065496445
1.5430001020431519 0.3943841755390167 0.08498480916023254
1.5070000886917114 0.3146202266216278 0.0829157680273056
1.4570000171661377 0.23615102469921112 0.08009432256221771
1.4000000953674316 0.16169720888137817 0.07690759003162384
1.3840000629425049 0.09549551457166672 0.07599146664142609
1.349000096321106 0.030427852645516396 0.07404951751232147
1.3030000925064087 -0.03109591268002987 0.0715208649635315
1.2820000648498535 -0.0901176929473877 0.07038027048110962
1.25 -0.14595595002174377 0.06865009665489197
1.2170000076293945 -0.19874157011508942 0.06687723100185394
1.196000099182129 -0.25108760595321655 0.06577417999505997
1.1740000247955322 -0.30135437846183777 0.06462462246417999
1.1410000324249268 -0.3463747501373291 0.06287486851215363
1.1290000677108765 -0.3958148658275604 0.06228547915816307
1.1019999980926514 -0.4383105933666229 0.06086919084191322
1.071000099182129 -0.4766119122505188 0.059228431433439255
1.0500000715255737 -0.5170106291770935 0.05813470482826233
1.0420000553131104 -0.5625079274177551 0.05775345861911774
1.0120000839233398 -0.5943536758422852 0.056142549961805344
1.0010000467300415 -0.6353906393051147 0.055573027580976486
0.9880000352859497 -0.673945426940918 0.0548788420855999
0.9650000333786011 -0.7038487195968628 0.05361413210630417
0.0 -0.0 0.0
0.0 -0.0 0.0
0.0 -0.0 0.0
0.0 -0.0 0.0
0.0 -0.0 0.0
0.0 0.0 0.0
0.0 0.0 0.0
0.0 0.0 0.0
0.0 0.0 0.0
0.0 0.0 0.0
2.4200000762939453 1.8808197975158691 0.02052081935107708
2.51200008392334 1.8334625959396362 0.021315712481737137
2.5500001907348633 1.7401121854782104 0.02164594642817974
2.6710002422332764 1.6955440044403076 0.022674115374684334
0.0 -0.0 -0.0
1.8040001392364502 0.9732164740562439 0.015303261578083038
1.727000117301941 0.8494415879249573 0.014640256762504578
1.7050000429153442 0.7575808763504028 0.014441999606788158
1.6480001211166382 0.6541193127632141 0.013946539722383022
1.590000033378601 0.5559367537498474 0.013442936353385448
1.5570000410079956 0.4710339307785034 0.013151494786143303
1.5150001049041748 0.38717538118362427 0.012785239145159721
1.477000117301941 0.30831295251846313 0.012454396113753319
1.4380000829696655 0.2330363243818283 0.0121170524507761
1.3990000486373901 0.1615559458732605 0.011781827546656132
1.3630000352859497 0.09403034299612045 0.01147405244410038
1.3420000076293945 0.030263174325227737 0.011294680647552013
1.2970000505447388 -0.03095032274723053 0.010915390215814114
1.2740000486373901 -0.08954431861639023 0.010723184794187546
1.2470000982284546 -0.145586758852005 0.010499052703380585
1.2140001058578491 -0.1982259899377823 0.010225877165794373
1.1950000524520874 -0.2508459687232971 0.010071828961372375
1.1730000972747803 -0.30106139183044434 0.009893421083688736
1.1380000114440918 -0.34542492032051086 0.009605818428099155
1.1260000467300415 -0.39472195506095886 0.009512482210993767
1.1019999980926514 -0.43826958537101746 0.009317547082901001
1.0740000009536743 -0.47790777683258057 0.009088031947612762
1.0530000925064087 -0.5184519290924072 0.008916598744690418
1.0380001068115234 -0.5603173971176147 0.008794499561190605
1.0130000114440918 -0.594916045665741 0.008585830219089985
0.9890000224113464 -0.6277561783790588 0.008383478969335556
0.9860000610351562 -0.6725718975067139 0.008356781676411629
0.968000054359436 -0.7060365080833435 0.008200433105230331
0.0 -0.0 0.0
0.0 -0.0 0.0
0.0 -0.0 0.0
0.0 -0.0 0.0
0.0 -0.0 0.0
0.0 0.0 -0.0
0.0 0.0 -0.0
0.0 0.0 -0.0
0.0 0.0 -0.0
0.0 0.0 -0.0
2.4100000858306885 1.873068928718567 -0.09325859695672989
2.51200008392334 1.8334940671920776 -0.09716661274433136
2.5840001106262207 1.7633553743362427 -0.09988487511873245
2.5840001106262207 1.640366792678833 -0.0997937023639679
1.8750001192092896 1.1009272336959839 -0.0723307803273201
1.8200000524520874 0.9818915724754333 -0.07011814415454865
1.7740000486373901 0.8726034164428711 -0.06824898719787598
1.715000033378601 0.7620676755905151 -0.06588078290224075
1.6600000858306885 0.658923864364624 -0.0636715218424797
1.6250001192092896 0.5682132244110107 -0.0622364766895771
1.5780000686645508 0.47742196917533875 -0.06035108119249344
1.5250000953674316 0.3897612690925598 -0.05824846401810646
1.505000114440918 0.31418338418006897 -0.05741873383522034
1.4570000171661377 0.23613549768924713 -0.05553390458226204
1.4190000295639038 0.16388016939163208 -0.05404463782906532
1.3920000791549683 0.09604012221097946 -0.05298816040158272
1.349000096321106 0.03042466565966606 -0.051336243748664856
1.319000005722046 -0.031476911157369614 -0.05019207298755646
1.2950000762939453 -0.09102689474821091 -0.0492883138358593
1.2590000629425049 -0.1469988375902176 -0.047938745468854904
1.2470000982284546 -0.20362965762615204 -0.047512900084257126
1.2110000848770142 -0.2542233467102051 -0.046180933713912964
1.190000057220459 -0.3054462969303131 -0.045427355915308
1.159000039100647 -0.35182303190231323 -0.04429667070508003
1.1370000839233398 -0.3986034095287323 -0.04351256042718887
1.1130000352859497 -0.4426702558994293 -0.042652759701013565
1.096000075340271 -0.4877232611179352 -0.04206022992730141
1.0720000267028809 -0.5278316140174866 -0.04119599610567093
1.0490000247955322 -0.5662783980369568 -0.0403648242354393
1.0329999923706055 -0.6066824793815613 -0.039796214550733566
1.0120000839233398 -0.6423729062080383 -0.03902673348784447
1.0010000467300415 -0.6828181743621826 -0.038633543998003006
0.984000027179718 -0.7177171111106873 -0.03799870237708092
0.0 -0.0 -0.0
0.0 -0.0 -0.0
0.0 -0.0 -0.0
0.0 -0.0 -0.0
0.0 -0.0 -0.0
0.0 0.0 -0.0
0.0 0.0 -0.0
0.0 0.0 -0.0
0.0 0.0 -0.0
0.0 0.0 -0.0
2.4700000286102295 1.91972815990448 -0.21210899949073792
2.51200008392334 1.8335645198822021 -0.21565775573253632
2.4600000381469727 1.6788450479507446 -0.21107956767082214
2.561000108718872 1.6259169578552246 -0.2195722907781601
1.8780001401901245 1.1028226613998413 -0.1608516275882721
1.8660000562667847 1.0068588256835938 -0.1596342921257019
1.8900001049041748 0.9298262596130371 -0.1614745855331421
1.8840000629425049 0.8373333215713501 -0.16073696315288544
1.818000078201294 0.7218044996261597 -0.154884472489357
1.6690000295639038 0.5837442278862 -0.14198990166187286
1.6480001211166382 0.49873489141464233 -0.1400146186351776
1.5860000848770142 0.4054684042930603 -0.13457991182804108
1.561000108718872 0.3259730935096741 -0.132313072681427
1.5130001306533813 0.24528981745243073 -0.12812580168247223
1.4980000257492065 0.17306198179721832 -0.12676317989826202
1.4410001039505005 0.09945667535066605 -0.12187723815441132
1.40500009059906 0.031702280044555664 -0.1187986433506012
1.374000072479248 -0.0327952541410923 -0.11617160588502884
1.340000033378601 -0.09421499073505402 -0.11331771314144135
1.309000015258789 -0.15287931263446808 -0.11074169725179672
1.290000081062317 -0.21071000397205353 -0.10920266062021255
1.252000093460083 -0.26290181279182434 -0.10607302933931351
1.2260000705718994 -0.31476882100105286 -0.10397350788116455
1.196000099182129 -0.363144189119339 -0.10154442489147186
1.1800000667572021 -0.41377291083335876 -0.10031014680862427
1.158000111579895 -0.4606642425060272 -0.0985681414604187
1.1370000839233398 -0.5060627460479736 -0.09690829366445541
1.1080000400543213 -0.5456455945968628 -0.09455817937850952
1.0910000801086426 -0.5890311002731323 -0.09321963042020798
1.0720000267028809 -0.6296558380126953 -0.09169463068246841
1.0490000247955322 -0.6659132242202759 -0.08980785310268402
1.0350000858306885 -0.7060495018959045 -0.08866960555315018
1.0130000114440918 -0.7388907670974731 -0.08682236820459366
0.0 -0.0 -0.0
0.0 -0.0 -0.0
0.0 -0.0 -0.0
0.0 -0.0 -0.0
0.0 -0.0 -0.0
0.0 0.0 -0.0
0.0 0.0 -0.0
0.0 0.0 -0.0
0.0 0.0 -0.0
0.0 0.0 -0.0
2.3910000324249268 1.8583509922027588 -0.3181282877922058
2.430000066757202 1.773808240890503 -0.32325419783592224
2.5390000343322754 1.7329339981079102 -0.33759719133377075
2.567000150680542 1.6299690008163452 -0.3410763740539551
1.8750001192092896 1.101279377937317 -0.24889792501926422
1.8780001401901245 1.0135846138000488 -0.24901847541332245
1.90500009059906 0.9374825358390808 -0.2522832751274109
1.9790000915527344 0.8798551559448242 -0.26173365116119385
2.009000062942505 0.7979433536529541 -0.2653373181819916
0.0 0.0 -0.0
3.38100004196167 1.0236618518829346 -0.4453575909137726
3.38100004196167 0.8647921085357666 -0.44482293725013733
3.619000196456909 0.756123423576355 -0.47562864422798157
3.757000207901001 0.6094229817390442 -0.4933215081691742
4.039000034332275 0.466888427734375 -0.5299744606018066
4.052000045776367 0.27983859181404114 -0.5314148664474487
4.011000156402588 0.09057579189538956 -0.5258916020393372
3.9840002059936523 -0.09511996060609818 -0.5223251581192017
4.272000312805176 -0.300498366355896 -0.5601826310157776
4.449000358581543 -0.5198489427566528 -0.5836244821548462
4.659000396728516 -0.7613661885261536 -0.6115427613258362
4.499000072479248 -0.9451608061790466 -0.5910109281539917
4.095000267028809 -1.051834225654602 -0.5384563207626343
0.0 -0.0 -0.0
3.880000114440918 -1.3610674142837524 -0.5113532543182373
3.829000234603882 -1.5237507820129395 -0.5052622556686401
0.0 -0.0 -0.0
0.0 -0.0 -0.0
0.0 -0.0 -0.0
3.440000057220459 -2.0208942890167236 -0.45603397488594055
2.765000104904175 -1.7554701566696167 -0.36685264110565186
2.5390000343322754 -1.7321816682815552 -0.33707162737846375
2.5340001583099365 -1.848392367362976 -0.3365282714366913
2.263000011444092 -1.7571285963058472 -0.3005655109882355
0.0 -0.0 -0.0
0.0 -0.0 -0.0
0.0 -0.0 -0.0
0.0 -0.0 -0.0
0.0 0.0 -0.0
0.0 0.0 -0.0
0.0 0.0 -0.0
0.0 0.0 -0.0
0.0 0.0 -0.0
2.376000165939331 1.8467007875442505 -0.42822539806365967
2.4150002002716064 1.7629700899124146 -0.43520116806030273
2.6010000705718994 1.7754762172698975 -0.4685383141040802
2.556000232696533 1.623300552368164 -0.4601399302482605
1.8780001401901245 1.10333251953125 -0.3377954959869385
1.8780001401901245 1.0139223337173462 -0.3374459445476532
1.8960001468658447 0.9334272742271423 -0.3402809500694275
1.9850001335144043 0.8829331398010254 -0.3558044135570526
0.0 0.0 -0.0
3.2690000534057617 1.144503116607666 -0.5844341516494751
3.2960002422332764 0.9985572695732117 -0.5885269641876221
3.4800002574920654 0.8907176852226257 -0.6206645369529724
3.5220000743865967 0.736386239528656 -0.627510666847229
3.8540000915527344 0.6256309747695923 -0.6860666275024414
3.944000244140625 0.4562711715698242 -0.7016069293022156
4.350000381469727 0.30067765712738037 -0.7734566926956177
4.080000400543213 0.09223674237728119 -0.7252530455589294
4.080000400543213 -0.09745074808597565 -0.7252161502838135
4.2870001792907715 -0.30174070596694946 -0.7621387243270874
4.551000118255615 -0.5321149826049805 -0.809381365776062
4.810000419616699 -0.7865558862686157 -0.8559420704841614
4.551000118255615 -0.9566940665245056 -0.8104718327522278
4.366000175476074 -1.122126579284668 -0.7782424092292786
4.2870001792907715 -1.3029619455337524 -0.7649616003036499
4.13700008392334 -1.4519901275634766 -0.7390366792678833
3.931000232696533 -1.56509268283844 -0.7030715942382812
3.829000234603882 -1.7054890394210815 -0.6856462359428406
3.686000108718872 -1.8163560628890991 -0.6607998013496399
3.5220000743865967 -1.9025232791900635 -0.6320692300796509
3.4700002670288086 -2.038994312286377 -0.6233128309249878
2.817000150680542 -1.7887828350067139 -0.5063915252685547
2.386000156402588 -1.6279661655426025 -0.4291396141052246
2.4100000858306885 -1.7580121755599976 -0.4335780143737793
2.254000186920166 -1.7501109838485718 -0.4055200517177582
0.0 -0.0 -0.0
0.0 -0.0 -0.0
0.0 -0.0 -0.0
0.0 -0.0 -0.0
0.0 0.0 -0.0
0.0 0.0 -0.0
0.0 0.0 -0.0
0.0 0.0 -0.0
0.0 0.0 -0.0
2.367000102996826 1.839680790901184 -0.5382598638534546
2.386000156402588 1.7419037818908691 -0.5425581932067871
2.4050002098083496 1.6419146060943604 -0.5467149615287781
2.5390000343322754 1.6128677129745483 -0.5768631100654602
1.8930001258850098 1.112493872642517 -0.42976444959640503
1.8900001049041748 1.020810842514038 -0.4286792278289795
1.90500009059906 0.9383156895637512 -0.4316140413284302
1.9950001239776611 0.8878875374794006 -0.4514734745025635
0.0 0.0 -0.0
3.2160000801086426 1.126758337020874 -0.7260079979896545
3.3430001735687256 1.0135923624038696 -0.7537863850593567
3.391000270843506 0.8686713576316833 -0.7637697458267212
3.5860002040863037 0.7504414916038513 -0.80689936876297
3.7330002784729004 0.6065639853477478 -0.8392788171768188
3.880000114440918 0.44931724667549133 -0.8717552423477173
3.944000244140625 0.27290984988212585 -0.8857225775718689
3.998000144958496 0.09051096439361572 -0.8976150751113892
4.13700008392334 -0.09885948896408081 -0.928775429725647
4.350000381469727 -0.30641084909439087 -0.9767502546310425
4.604000091552734 -0.5387499332427979 -1.0341583490371704
4.677000045776367 -0.7654288411140442 -1.0511374473571777
4.39900016784668 -0.9254735112190247 -0.9893761873245239
4.4150004386901855 -1.135578989982605 -0.9938430786132812
4.052000045776367 -1.2324122190475464 -0.9130343794822693
3.9050002098083496 -1.3714600801467896 -0.8808562159538269
3.931000232696533 -1.5660151243209839 -0.8877108097076416
3.829000234603882 -1.7063719034194946 -0.8656402826309204
3.6080002784729004 -1.7787021398544312 -0.8165473937988281
3.491000175476074 -1.8864529132843018 -0.7908360362052917
3.450000047683716 -2.0277974605560303 -0.7821981906890869
3.011000156402588 -1.9123343229293823 -0.6831106543540955
2.677000045776367 -1.8267109394073486 -0.6075997948646545
2.739000082015991 -1.9980655908584595 -0.621792733669281
2.811000108718872 -2.182502508163452 -0.6380984783172607
0.0 -0.0 -0.0
0.0 -0.0 -0.0
0.0 -0.0 -0.0
0.0 -0.0 -0.0
0.0 0.0 -0.0
0.0 0.0 -0.0
0.0 0.0 -0.0
0.0 0.0 -0.0
0.0 0.0 -0.0
2.4000000953674316 1.865249514579773 -0.6589507460594177
2.4150002002716064 1.763150691986084 -0.6631015539169312
2.578000068664551 1.7602649927139282 -0.7077155113220215
2.561000108718872 1.627231240272522 -0.7027405500411987
1.8960001468658447 1.1146395206451416 -0.519924521446228
1.8960001468658447 1.0245110988616943 -0.5194907784461975
1.90500009059906 0.938834011554718 -0.5214468836784363
1.9950001239776611 0.8884666562080383 -0.5454946160316467
0.0 0.0 -0.0
3.2240002155303955 1.1305032968521118 -0.8795419335365295
3.2870001792907715 0.9975240230560303 -0.8957380652427673
3.251000165939331 0.8336290717124939 -0.8850134015083313
3.4800002574920654 0.7290250658988953 -0.9464784860610962
3.757000207901001 0.6111436486244202 -1.0210132598876953
3.9050002098083496 0.4527459740638733 -1.0605727434158325
4.13700008392334 0.28663110733032227 -1.1230849027633667
4.13700008392334 0.09381615370512009 -1.1228039264678955
4.052000045776367 -0.0968797504901886 -1.0996780395507812
4.319000244140625 -0.3044987916946411 -1.1723122596740723
4.449000358581543 -0.5211048126220703 -1.2080085277557373
4.334000110626221 -0.7099650502204895 -1.1773946285247803
4.334000110626221 -0.9126376509666443 -1.1781965494155884
4.152000427246094 -1.0688698291778564 -1.1296436786651611
3.9580001831054688 -1.2048101425170898 -1.0778579711914062
3.892000198364258 -1.3679230213165283 -1.0609419345855713
3.880000114440918 -1.5467398166656494 -1.058760643005371
3.8540000915527344 -1.718521237373352 -1.0527390241622925
3.817000150680542 -1.8826652765274048 -1.0436396598815918
3.5430002212524414 -1.9153094291687012 -0.9695625901222229
3.4700002670288086 -2.040153741836548 -0.9502738118171692
2.9730000495910645 -1.8885668516159058 -0.8146112561225891
2.5500001907348633 -1.7402188777923584 -0.6989396214485168
2.7140002250671387 -1.9798403978347778 -0.7439624071121216
2.739000082015991 -2.1264383792877197 -0.7507022023200989
0.0 -0.0 -0.0
0.0 -0.0 -0.0
0.0 -0.0 -0.0
0.0 -0.0 -0.0
0.0 0.0 -0.0
0.0 0.0 -0.0
0.0 0.0 -0.0
0.0 0.0 -0.0
0.0 0.0 -0.0
2.3950002193450928 1.8612070083618164 -0.7704816460609436
2.4000000953674316 1.7522172927856445 -0.7722028493881226
2.561000108718872 1.7488609552383423 -0.823928713798523
2.5890002250671387 1.6454015970230103 -0.8326686024665833
1.8960001468658447 1.115029215812683 -0.6094627976417542
1.8990000486373901 1.026614785194397 -0.6099918484687805
1.90500009059906 0.9393876194953918 -0.6113942265510559
1.999000072479248 0.8908757567405701 -0.6409457325935364
0.0 0.0 -0.0
3.3520002365112305 1.1764644384384155 -1.072546124458313
3.251000165939331 0.9875958561897278 -1.0391710996627808
3.371000051498413 0.8653466701507568 -1.0764994621276855
3.5430002212524414 0.7430936694145203 -1.1304543018341064
3.6750001907348633 0.598550021648407 -1.1717112064361572
3.7210001945495605 0.43198448419570923 -1.1856845617294312
3.757000207901001 0.2606787085533142 -1.1966569423675537
3.8540000915527344 0.08756746351718903 -1.2272615432739258
3.757000207901001 -0.08987600356340408 -1.196311116218567
3.769000291824341 -0.2659834623336792 -1.2002928256988525
3.575000286102295 -0.4191725552082062 -1.138866901397705
3.7330002784729004 -0.6121532320976257 -1.1897706985473633
3.5530002117156982 -0.748937726020813 -1.133113145828247
3.5860002040863037 -0.9240532517433167 -1.144498586654663
3.501000165939331 -1.066658854484558 -1.1183178424835205
3.5430002212524414 -1.2462809085845947 -1.1327627897262573
3.5220000743865967 -1.4050484895706177 -1.1270978450775146
3.38100004196167 -1.5085548162460327 -1.0829638242721558
3.2690000534057617 -1.6132131814956665 -1.0479812622070312
3.2160000801086426 -1.7392445802688599 -1.0317617654800415
3.315000057220459 -1.9495930671691895 -1.0641658306121826
2.9810001850128174 -1.8939869403839111 -0.9573531150817871
2.5280001163482666 -1.725324034690857 -0.8120470643043518
2.739000082015991 -1.998011589050293 -0.8798146843910217
2.7080001831054688 -2.1021108627319336 -0.8696420192718506
0.0 -0.0 -0.0
0.0 -0.0 -0.0
0.0 -0.0 -0.0
0.0 -0.0 -0.0
0.0 0.0 -0.0
0.0 0.0 -0.0
0.0 0.0 -0.0
0.0 0.0 -0.0
0.0 0.0 -0.0
2.38100004196167 1.8500703573226929 -0.8781481981277466
2.5280001163482666 1.8455983400344849 -0.9325950145721436
2.578000068664551 1.7606031894683838 -0.9510619044303894
2.635000228881836 1.674971103668213 -0.971898078918457
1.8960001468658447 1.1153978109359741 -0.6990429759025574
1.8990000486373901 1.0270909070968628 -0.6997425556182861
1.915000081062317 0.9448820352554321 -0.7051255702972412
1.9920001029968262 0.8884006142616272 -0.732865571975708
0.0 0.0 -0.0
3.260000228881836 1.1452782154083252 -1.1971707344055176
3.2960002422332764 1.002338171005249 -1.2092801332473755
3.315000057220459 0.851965069770813 -1.215194821357727
3.2870001792907715 0.6902677416801453 -1.2039843797683716
3.2690000534057617 0.5331384539604187 -1.196583867073059
3.242000102996826 0.3769143521785736 -1.1860605478286743
3.242000102996826 0.22529853880405426 -1.1856017112731934
3.2870001792907715 0.07484428584575653 -1.2017908096313477
3.207000255584717 -0.07675936818122864 -1.1724802255630493
3.207000255584717 -0.2265559434890747 -1.1726189851760864
3.207000255584717 -0.3764405846595764 -1.172950029373169
3.198000192642212 -0.5250028371810913 -1.1701667308807373
3.1720001697540283 -0.6693450212478638 -1.1613130569458008
3.207000255584717 -0.8272320628166199 -1.1749244928359985
3.2160000801086426 -0.9807506799697876 -1.179118275642395
3.207000255584717 -1.129051923751831 -1.1767706871032715
3.130000114440918 -1.2496026754379272 -1.1494598388671875
3.0420000553131104 -1.358162522315979 -1.1180294752120972
3.0190000534057617 -1.4906108379364014 -1.1103812456130981
2.951000213623047 -1.5965547561645508 -1.0860412120819092
2.9730000495910645 -1.7489216327667236 -1.0946546792984009
2.9000000953674316 -1.8427814245224 -1.0680911540985107
2.496000051498413 -1.7035207748413086 -0.9193801879882812
2.6470000743865967 -1.9307305812835693 -0.9748772978782654
2.6710002422332764 -2.073007583618164 -0.9833741188049316
0.0 -0.0 -0.0
0.0 -0.0 -0.0
0.0 -0.0 -0.0
0.0 -0.0 -0.0
0.0 0.0 -0.0
0.0 0.0 -0.0
0.0 0.0 -0.0
0.0 0.0 -0.0
0.0 0.0 -0.0
2.376000165939331 1.8458073139190674 -0.9881349802017212
2.4000000953674316 1.7519700527191162 -0.9984657168388367
2.5390000343322754 1.733995795249939 -1.0564426183700562
2.556000232696533 1.6249908208847046 -1.0634442567825317
1.9340001344680786 1.138076663017273 -0.8044436573982239
1.902000069618225 1.0291533470153809 -0.7907858490943909
1.9180001020431519 0.9469026327133179 -0.7969711422920227
1.9950001239776611 0.8903715014457703 -0.8283880949020386
0.0 0.0 -0.0
2.951000213623047 1.0377318859100342 -1.223412036895752
2.951000213623047 0.8984001874923706 -1.222422480583191
2.9580001831054688 0.7611266374588013 -1.224375605583191
2.951000213623047 0.6205125451087952 -1.2206178903579712
2.936000108718872 0.47949668765068054 -1.2136744260787964
2.9150002002716064 0.33940401673316956 -1.2044034004211426
2.879000186920166 0.20040282607078552 -1.1891084909439087
2.8580000400543213 0.06522578001022339 -1.1801915168762207
2.8510000705718994 -0.06827016174793243 -1.1772392988204956
2.8380000591278076 -0.2006964534521103 -1.1719897985458374
2.8310000896453857 -0.33267942070961 -1.1693896055221558
2.8580000400543213 -0.4697153866291046 -1.1809959411621094
2.7780001163482666 -0.586843729019165 -1.1485145092010498
2.7840001583099365 -0.7188591957092285 -1.1516828536987305
2.7910001277923584 -0.8519476056098938 -1.1553465127944946
2.765000104904175 -0.9742661714553833 -1.1453853845596313
2.746000051498413 -1.0971018075942993 -1.1383118629455566
2.7910001277923584 -1.246860384941101 -1.1577337980270386
2.752000093460083 -1.359434962272644 -1.142228603363037
2.746000051498413 -1.4861595630645752 -1.140282154083252
2.7270002365112305 -1.6045457124710083 -1.1327682733535767
2.695000171661377 -1.7126507759094238 -1.1196529865264893
2.430000066757202 -1.6583999395370483 -1.0095202922821045
2.6120002269744873 -1.9048991203308105 -1.084867000579834
2.7200000286102295 -2.1104960441589355 -1.1292152404785156
0.0 -0.0 -0.0
0.0 -0.0 -0.0
0.0 -0.0 -0.0
0.0 -0.0 -0.0
0.0 0.0 -0.0
0.0 0.0 -0.0
0.0 0.0 -0.0
0.0 0.0 -0.0
0.0 0.0 -0.0
2.371000051498413 1.8414052724838257 -1.09751296043396
2.4600000381469727 1.7954429388046265 -1.1392219066619873
2.5450000762939453 1.737982988357544 -1.1788901090621948
2.5840001106262207 1.642905592918396 -1.1970324516296387
1.9490001201629639 1.1471469402313232 -0.9027591943740845
1.902000069618225 1.0295249223709106 -0.8807312846183777
1.9180001020431519 0.9473873972892761 -0.8877513408660889
1.9950001239776611 0.8909598588943481 -0.9228803515434265
0.0 0.0 -0.0
2.677000045776367 0.9422646164894104 -1.236743450164795
2.6590001583099365 0.8103688955307007 -1.2275784015655518
2.635000228881836 0.6788190603256226 -1.215684175491333
2.6120002269744873 0.5499411225318909 -1.2043302059173584
2.630000114440918 0.4301224946975708 -1.2119784355163574
2.6010000705718994 0.30330169200897217 -1.1980923414230347
2.572000026702881 0.17933505773544312 -1.18435800075531
2.561000108718872 0.05858879163861275 -1.1790711879730225
2.556000232696533 -0.06122749671339989 -1.1767070293426514
2.5280001163482666 -0.17895235121250153 -1.1639125347137451
2.5500001907348633 -0.299986869096756 -1.1742899417877197
2.5450000762939453 -0.4187338054180145 -1.1723734140396118
2.5500001907348633 -0.5392512679100037 -1.1751824617385864
2.5500001907348633 -0.6590926051139832 -1.1757805347442627
2.5180001258850098 -0.7693109512329102 -1.161677360534668
2.5390000343322754 -0.8953491449356079 -1.1720489263534546
2.5390000343322754 -1.0150893926620483 -1.1727192401885986
2.5230000019073486 -1.1277525424957275 -1.165941834449768
2.5280001163482666 -1.2492974996566772 -1.1687722206115723
2.5230000019073486 -1.3658397197723389 -1.1668459177017212
2.496000051498413 -1.4688184261322021 -1.154573917388916
2.4250001907348633 -1.5410600900650024 -1.1217517852783203
2.4150002002716064 -1.6479463577270508 -1.1169394254684448
2.4700000286102295 -1.8009006977081299 -1.1419659852981567
2.4760000705718994 -1.920521855354309 -1.1441123485565186
0.0 -0.0 -0.0
0.0 -0.0 -0.0
0.0 -0.0 -0.0
0.0 -0.0 -0.0
0.0 0.0 -0.0
0.0 0.0 -0.0
0.0 0.0 -0.0
0.0 0.0 -0.0
0.0 0.0 -0.0
2.3570001125335693 1.8298661708831787 -1.2016602754592896
2.4250001907348633 1.7694169282913208 -1.2369970083236694
2.440000057220459 1.6660144329071045 -1.2451101541519165
2.4200000762939453 1.5385915040969849 -1.2351425886154175
1.940000057220459 1.1419806480407715 -0.9901730418205261
1.902000069618225 1.0297985076904297 -0.970637321472168
1.9240001440048218 0.9507501721382141 -0.9815821647644043
1.9720001220703125 0.8811935782432556 -1.0056642293930054
2.307000160217285 0.9217788577079773 -1.1759270429611206
2.4000000953674316 0.8454971313476562 -1.2226637601852417
2.3950002193450928 0.7306422591209412 -1.2194232940673828
2.3950002193450928 0.6176862120628357 -1.2187402248382568
2.38100004196167 0.5019285082817078 -1.2109825611114502
2.376000165939331 0.3891088366508484 -1.2078826427459717
2.376000165939331 0.2774742841720581 -1.2074263095855713
2.3480000495910645 0.16399025917053223 -1.1928647756576538
2.3530001640319824 0.053963836282491684 -1.1952036619186401
2.3530001640319824 -0.0563751645386219 -1.1951401233673096
2.320000171661377 -0.16437730193138123 -1.1784522533416748
2.302000045776367 -0.2710874676704407 -1.1695106029510498
2.2930002212524414 -0.37765857577323914 -1.16525399684906
2.307000160217285 -0.4883444011211395 -1.1727832555770874
2.2890000343322754 -0.5921738743782043 -1.1641162633895874
2.2930002212524414 -0.7011439800262451 -1.1666775941848755
2.31600022315979 -0.8172918558120728 -1.178922414779663
2.258000135421753 -0.903275728225708 -1.1499011516571045
2.2710001468658447 -1.015570044517517 -1.1569641828536987
2.267000198364258 -1.1206631660461426 -1.155268907546997
2.254000186920166 -1.2204188108444214 -1.148851990699768
2.245000123977661 -1.3211461305618286 -1.1443099975585938
2.254000186920166 -1.432234525680542 -1.148757815361023
2.245000123977661 -1.5315849781036377 -1.1438333988189697
2.2330000400543213 -1.6275476217269897 -1.1371831893920898
2.236999988555908 -1.7343988418579102 -1.1384919881820679
0.0 -0.0 -0.0
0.0 -0.0 -0.0
0.0 -0.0 -0.0
0.0 -0.0 -0.0
