0.000000 0.000000 0.000000
0.000000 0.000000 0.000000
0.000000 0.000000 0.000000
0.000000 0.000000 0.000000
0.000000 0.000000 0.000000
1.648000 1.243864 0.920915
1.643000 1.164163 0.917543
1.339000 0.887087 0.747414
1.339000 0.825598 0.747173
1.378000 0.786523 0.768809
1.387000 0.728249 0.773817
1.404000 0.673073 0.783390
1.461000 0.633742 0.815377
1.507000 0.584954 0.841308
1.576000 0.539830 0.880152
1.648000 0.489255 0.920729
1.650000 0.414457 0.922220
1.801000 0.370016 1.007007
1.863000 0.297465 1.042035
1.962000 0.223370 1.097728
0.000000 0.000000 0.000000
0.801000 0.017711 0.448315
0.762000 -0.018122 0.426510
0.742000 -0.051701 0.415302
0.729000 -0.084245 0.407980
0.740000 -0.119457 0.414060
0.779000 -0.161462 0.435777
0.810000 -0.204993 0.452992
0.823000 -0.245960 0.460126
0.000000 -0.000000 0.000000
1.717000 -0.670249 0.959423
1.703000 -0.742695 0.951412
1.648000 -0.794145 0.920582
0.000000 -0.000000 0.000000
2.405000 -1.379523 1.343619
2.386000 -1.478390 1.333374
2.357000 -1.569160 1.317740
2.250000 -1.602074 1.258664
2.124000 -1.611029 1.189059
0.000000 -0.000000 0.000000
0.000000 -0.000000 0.000000
0.000000 -0.000000 0.000000
0.000000 -0.000000 0.000000
0.000000 0.000000 0.000000
0.000000 0.000000 0.000000
0.000000 0.000000 0.000000
0.000000 0.000000 0.000000
0.000000 0.000000 0.000000
1.641000 1.237995 0.841297
1.695000 1.200543 0.868505
0.000000 -0.000000 -0.000000
1.330000 0.819920 0.681087
1.349000 0.769955 0.690794
1.387000 0.728339 0.710339
1.427000 0.684284 0.731011
1.455000 0.631403 0.745626
1.513000 0.587614 0.775693
1.557000 0.533696 0.798647
1.574000 0.467676 0.807784
1.748000 0.439494 0.897540
1.809000 0.372060 0.929306
1.829000 0.292384 0.939977
0.000000 0.000000 0.000000
0.794000 0.054069 0.408307
0.744000 0.016491 0.382655
0.726000 -0.017264 0.373417
0.705000 -0.049156 0.362597
0.707000 -0.081769 0.363570
0.723000 -0.116809 0.371709
0.750000 -0.155574 0.385468
0.775000 -0.196277 0.398169
0.792000 -0.236845 0.406740
0.000000 -0.000000 0.000000
1.766000 -0.689658 0.906228
1.730000 -0.754681 0.887458
1.717000 -0.827514 0.880567
1.648000 -0.869668 0.845060
2.561000 -1.468820 1.313216
2.410000 -1.492880 1.235968
2.381000 -1.584550 1.221481
2.320000 -1.651138 1.190771
2.187000 -1.657902 1.123248
0.000000 -0.000000 0.000000
0.000000 -0.000000 0.000000
0.000000 -0.000000 0.000000
0.000000 -0.000000 0.000000
0.000000 0.000000 0.000000
0.000000 0.000000 0.000000
0.000000 0.000000 0.000000
0.000000 0.000000 0.000000
0.000000 0.000000 0.000000
1.660000 1.251849 0.774605
1.708000 1.209404 0.796640
1.743000 1.154216 0.812749
0.000000 0.000000 0.000000
1.343000 0.766606 0.626247
1.374000 0.721689 0.640871
1.433000 0.687430 0.668655
1.454000 0.631309 0.678796
1.504000 0.584516 0.702545
1.551000 0.532075 0.724950
1.648000 0.490127 0.770777
1.725000 0.434174 0.807286
1.812000 0.373116 0.848482
0.000000 0.000000 0.000000
0.792000 0.090415 0.371193
0.739000 0.050404 0.346455
0.712000 0.015820 0.333856
0.679000 -0.016148 0.318399
0.681000 -0.047522 0.319314
0.689000 -0.079763 0.323004
0.704000 -0.113848 0.329938
0.736000 -0.152810 0.344801
0.748000 -0.189600 0.350261
0.785000 -0.234931 0.367401
0.000000 -0.000000 0.000000
1.837000 -0.717772 0.858874
1.807000 -0.788595 0.844452
2.618000 -1.262103 1.222971
2.550000 -1.345850 1.190867
2.481000 -1.422940 1.158471
2.391000 -1.480917 1.116460
2.307000 -1.534914 1.077442
2.228000 -1.585085 1.040941
2.132000 -1.615473 0.996656
0.000000 -0.000000 0.000000
0.000000 -0.000000 0.000000
0.000000 -0.000000 0.000000
0.000000 -0.000000 0.000000
0.000000 0.000000 0.000000
0.000000 0.000000 0.000000
0.000000 0.000000 0.000000
0.000000 0.000000 0.000000
0.000000 0.000000 0.000000
1.662000 1.252985 0.699141
1.722000 1.219081 0.724123
1.787000 1.183265 0.751343
1.812000 1.117082 0.761893
1.890000 1.079054 0.794878
1.392000 0.731392 0.585668
1.424000 0.683444 0.599453
1.447000 0.628664 0.609525
1.515000 0.589242 0.638622
1.610000 0.552810 0.679172
1.660000 0.494199 0.700786
1.809000 0.455833 0.764233
1.863000 0.384094 0.787559
0.000000 0.000000 0.000000
0.744000 0.085059 0.314838
0.694000 0.047413 0.293776
0.699000 0.015569 0.295950
0.666000 -0.015844 0.281993
0.665000 -0.046449 0.281544
0.669000 -0.077528 0.283174
0.678000 -0.109758 0.286882
0.707000 -0.146936 0.299016
0.732000 -0.185719 0.309421
0.000000 -0.000000 0.000000
1.890000 -0.652585 0.797922
0.000000 -0.000000 0.000000
2.561000 -1.118221 1.079873
2.491000 -1.201334 1.049802
2.410000 -1.272270 1.015236
2.320000 -1.330744 0.977042
2.250000 -1.393552 0.947446
2.199000 -1.462839 0.926030
2.113000 -1.502873 0.890050
2.040000 -1.545202 0.859704
0.000000 -0.000000 0.000000
0.000000 -0.000000 0.000000
0.000000 -0.000000 0.000000
0.000000 -0.000000 0.000000
0.000000 0.000000 0.000000
0.000000 0.000000 0.000000
0.000000 0.000000 0.000000
0.000000 0.000000 0.000000
0.000000 0.000000 0.000000
1.676000 1.263265 0.628093
1.722000 1.218944 0.645167
1.787000 1.183273 0.669496
1.818000 1.120933 0.681230
1.896000 1.082773 0.710718
1.972000 1.036562 0.739601
1.584000 0.760651 0.594478
1.639000 0.712566 0.615593
1.712000 0.666404 0.643547
1.603000 0.550922 0.603091
1.641000 0.489057 0.617913
0.000000 0.000000 0.000000
0.000000 0.000000 0.000000
0.740000 0.118769 0.279249
0.695000 0.079573 0.262400
0.671000 0.045916 0.253431
0.655000 0.014622 0.247440
0.653000 -0.015541 0.246697
0.654000 -0.045726 0.247049
0.654000 -0.075871 0.246984
0.665000 -0.107770 0.251038
0.679000 -0.141264 0.256188
0.707000 -0.179552 0.266586
0.000000 -0.000000 0.000000
0.000000 -0.000000 0.000000
2.518000 -0.985172 0.947376
2.430000 -1.061635 0.913607
2.367000 -1.142048 0.889336
2.271000 -1.199276 0.852793
2.233000 -1.281085 0.838171
2.124000 -1.315594 0.797056
2.106000 -1.400886 0.790254
2.019000 -1.435762 0.757722
1.979000 -1.498583 0.742984
0.000000 -0.000000 0.000000
0.000000 -0.000000 0.000000
0.000000 -0.000000 0.000000
0.000000 -0.000000 0.000000
0.000000 0.000000 0.000000
0.000000 0.000000 0.000000
0.000000 0.000000 0.000000
0.000000 0.000000 0.000000
0.000000 0.000000 0.000000
1.664000 1.254033 0.547286
1.730000 1.224551 0.568905
1.801000 1.192625 0.592297
1.835000 1.131631 0.603655
1.912000 1.092258 0.629294
1.943000 1.021776 0.639918
1.688000 0.811061 0.556375
1.688000 0.734385 0.556870
1.756000 0.684094 0.579852
2.362000 0.812538 0.780713
2.386000 0.711827 0.789393
1.905000 0.481129 0.630819
0.000000 0.000000 0.000000
0.704000 0.113140 0.233470
0.666000 0.076360 0.220990
0.652000 0.044685 0.216430
0.641000 0.014341 0.212826
0.643000 -0.015310 0.213501
0.641000 -0.044862 0.212811
0.642000 -0.074559 0.213081
0.647000 -0.104966 0.214644
0.664000 -0.138288 0.220156
0.706000 -0.179475 0.233917
0.000000 -0.000000 0.000000
1.705000 -0.589667 0.563998
0.000000 -0.000000 0.000000
2.325000 -1.016382 0.767787
2.245000 -1.083719 0.740793
2.167000 -1.144780 0.714569
2.121000 -1.217131 0.699020
2.047000 -1.268059 0.674379
1.999000 -1.329720 0.658448
1.940000 -1.379441 0.639040
1.905000 -1.442255 0.627681
0.000000 -0.000000 0.000000
0.000000 -0.000000 0.000000
0.000000 -0.000000 0.000000
0.000000 -0.000000 0.000000
0.000000 0.000000 0.000000
0.000000 0.000000 0.000000
0.000000 0.000000 0.000000
0.000000 0.000000 0.000000
0.000000 0.000000 0.000000
1.671000 1.259191 0.473014
1.720000 1.217477 0.486853
1.798000 1.190770 0.509021
1.852000 1.142371 0.524519
1.893000 1.081773 0.536453
1.639000 0.862306 0.464831
1.637000 0.787009 0.464683
1.703000 0.741422 0.483900
2.241000 0.873736 0.637439
1.852000 0.637670 0.527349
2.425000 0.724183 0.691222
2.470000 0.624503 0.704731
0.000000 -0.000000 -0.000000
0.680000 0.109419 0.194328
0.655000 0.075199 0.187294
0.642000 0.044064 0.183654
0.632000 0.014167 0.180837
0.632000 -0.015056 0.180846
0.629000 -0.044065 0.179963
0.630000 -0.073241 0.180192
0.643000 -0.104425 0.183820
0.652000 -0.135925 0.186274
0.000000 -0.000000 0.000000
0.000000 -0.000000 0.000000
1.801000 -0.623367 0.513229
1.725000 -0.675875 0.491104
2.195000 -0.960136 0.624325
2.128000 -1.027756 0.604733
2.083000 -1.100836 0.591477
2.012000 -1.154904 0.570941
1.962000 -1.215606 0.556481
1.909000 -1.269925 0.541294
1.855000 -1.318941 0.525951
1.815000 -1.373925 0.514702
0.000000 -0.000000 0.000000
0.000000 -0.000000 0.000000
0.000000 -0.000000 0.000000
0.000000 -0.000000 0.000000
0.000000 0.000000 0.000000
0.000000 0.000000 0.000000
0.000000 0.000000 0.000000
0.000000 0.000000 0.000000
0.000000 0.000000 0.000000
1.671000 1.259126 0.396475
1.733000 1.226724 0.411193
1.793000 1.187616 0.425543
1.693000 1.044539 0.402009
1.561000 0.892350 0.370924
1.551000 0.816369 0.368868
1.650000 0.793692 0.392806
1.758000 0.765862 0.418974
1.777000 0.693342 0.423984
2.245000 0.773628 0.536260
1.972000 0.589442 0.471570
0.000000 0.000000 0.000000
0.000000 -0.000000 -0.000000
0.669000 0.107771 0.160420
0.648000 0.074485 0.155482
0.636000 0.043709 0.152671
0.629000 0.014124 0.151028
0.628000 -0.014968 0.150796
0.622000 -0.043613 0.149333
0.622000 -0.072380 0.149282
0.632000 -0.102736 0.151602
0.645000 -0.134590 0.154615
0.000000 -0.000000 0.000000
0.000000 -0.000000 0.000000
2.006000 -0.694840 0.479544
2.106000 -0.825705 0.502929
2.058000 -0.900730 0.490961
2.062000 -0.996362 0.491434
1.995000 -1.054735 0.475044
1.962000 -1.126525 0.466833
1.890000 -1.171213 0.449439
1.823000 -1.212821 0.433341
1.801000 -1.280539 0.428047
1.738000 -1.315518 0.413114
0.000000 -0.000000 0.000000
0.000000 -0.000000 0.000000
0.000000 -0.000000 0.000000
0.000000 -0.000000 0.000000
0.000000 0.000000 0.000000
0.000000 0.000000 0.000000
0.000000 0.000000 0.000000
0.000000 0.000000 0.000000
0.000000 0.000000 0.000000
1.708000 1.286978 0.327043
1.733000 1.226791 0.331859
1.748000 1.157969 0.334845
1.507000 0.929990 0.288846
1.557000 0.890342 0.298662
1.593000 0.838812 0.305858
2.106000 1.013535 0.404792
2.006000 0.874403 0.386022
1.793000 0.700043 0.345452
2.241000 0.772814 0.432290
2.395000 0.716452 0.462537
0.000000 0.000000 0.000000
0.698000 0.144721 0.135080
0.671000 0.108199 0.129962
0.650000 0.074792 0.125978
0.638000 0.043896 0.123709
0.629000 0.014146 0.121996
0.626000 -0.014928 0.121420
0.620000 -0.043508 0.120237
0.621000 -0.072324 0.120388
0.625000 -0.101683 0.121096
0.645000 -0.134699 0.124881
0.000000 -0.000000 0.000000
0.000000 -0.000000 0.000000
2.026000 -0.702231 0.391120
2.072000 -0.812855 0.399560
1.896000 -0.830256 0.365218
1.949000 -0.942172 0.375030
1.902000 -1.005923 0.365632
1.846000 -1.060206 0.354570
1.798000 -1.114406 0.345121
1.756000 -1.168363 0.336904
1.720000 -1.222971 0.329923
1.688000 -1.277602 0.323795
0.000000 -0.000000 0.000000
0.000000 -0.000000 0.000000
0.000000 -0.000000 0.000000
0.000000 -0.000000 0.000000
0.000000 0.000000 0.000000
0.000000 0.000000 0.000000
0.000000 0.000000 0.000000
0.000000 0.000000 0.000000
0.000000 0.000000 0.000000
1.686000 1.270395 0.245639
1.695000 1.199961 0.246984
1.796000 1.189916 0.261804
1.835000 1.132624 0.267659
1.628000 0.931190 0.237665
1.637000 0.862273 0.239221
2.009000 0.967248 0.293918
2.136000 0.931513 0.312882
2.148000 0.839101 0.315038
2.325000 0.802265 0.341429
2.491000 0.745661 0.366252
0.000000 0.000000 0.000000
0.703000 0.145868 0.103583
0.679000 0.109577 0.100133
0.656000 0.075547 0.096806
0.644000 0.044349 0.095081
0.632000 0.014230 0.093334
0.629000 -0.015005 0.092896
0.621000 -0.043606 0.091699
0.621000 -0.072374 0.091665
0.627000 -0.102078 0.092497
0.643000 -0.134371 0.094786
0.000000 -0.000000 0.000000
0.000000 -0.000000 0.000000
2.012000 -0.697760 0.295694
1.979000 -0.776753 0.290508
1.915000 -0.838939 0.280788
1.872000 -0.905283 0.274178
1.809000 -0.957026 0.264678
1.774000 -1.019091 0.259324
1.725000 -1.069335 0.251978
1.695000 -1.127884 0.247468
1.650000 -1.173234 0.240830
1.610000 -1.218529 0.234987
0.000000 -0.000000 0.000000
0.000000 -0.000000 0.000000
0.000000 -0.000000 0.000000
0.000000 -0.000000 0.000000
0.000000 0.000000 0.000000
0.000000 0.000000 0.000000
0.000000 0.000000 0.000000
0.000000 0.000000 0.000000
0.000000 0.000000 0.000000
1.705000 1.284715 0.170350
1.730000 1.224799 0.172876
1.812000 1.200636 0.181147
1.884000 1.163045 0.188470
1.905000 1.089853 0.190737
1.720000 0.906226 0.172395
1.671000 0.804766 0.167681
2.136000 0.931849 0.214613
2.224000 0.869145 0.223745
2.357000 0.813676 0.237433
2.507000 0.750822 0.252858
0.000000 0.000000 0.000000
0.718000 0.149065 0.072576
0.690000 0.111419 0.069807
0.667000 0.076862 0.067527
0.655000 0.045138 0.066344
0.643000 0.014491 0.065146
0.639000 -0.015249 0.064744
0.631000 -0.044330 0.063923
0.629000 -0.073345 0.063696
0.631000 -0.102783 0.063861
0.643000 -0.134438 0.065025
0.000000 -0.000000 0.000000
0.000000 -0.000000 0.000000
1.934000 -0.670987 0.194973
1.890000 -0.742097 0.190311
1.826000 -0.800211 0.183648
1.793000 -0.867322 0.180122
1.738000 -0.919677 0.174411
1.715000 -0.985375 0.171942
1.662000 -1.030414 0.166502
1.639000 -1.090706 0.164108
1.590000 -1.130604 0.159153
1.578000 -1.194290 0.157945
0.000000 -0.000000 0.000000
0.000000 -0.000000 0.000000
0.000000 -0.000000 0.000000
0.000000 -0.000000 0.000000
0.000000 0.000000 0.000000
0.000000 0.000000 0.000000
0.000000 0.000000 0.000000
0.000000 0.000000 0.000000
0.000000 0.000000 0.000000
1.705000 1.284717 0.092296
1.769000 1.252449 0.095772
1.804000 1.195411 0.097706
1.890000 1.166862 0.102430
1.924000 1.100867 0.104362
1.992000 1.049709 0.108162
0.000000 0.000000 0.000000
1.766000 0.770610 0.096123
2.267000 0.886179 0.123552
2.395000 0.827032 0.130697
2.445000 0.732484 0.133591
0.000000 0.000000 0.000000
0.739000 0.153480 0.040466
0.706000 0.114046 0.038693
0.689000 0.079429 0.037787
0.671000 0.046260 0.036818
0.657000 0.014814 0.036060
0.652000 -0.015562 0.035787
0.644000 -0.045258 0.035342
0.638000 -0.074419 0.034999
0.639000 -0.104120 0.035033
0.647000 -0.135318 0.035445
0.670000 -0.171009 0.036671
0.000000 -0.000000 0.000000
1.846000 -0.640624 0.100816
1.804000 -0.708498 0.098405
1.756000 -0.769696 0.095674
1.715000 -0.829740 0.093333
1.664000 -0.880649 0.090462
1.643000 -0.944115 0.089239
1.590000 -0.985855 0.086296
1.561000 -1.038851 0.084677
1.525000 -1.084404 0.082701
1.507000 -1.140542 0.081724
0.000000 -0.000000 0.000000
0.000000 -0.000000 0.000000
0.000000 -0.000000 0.000000
0.000000 -0.000000 0.000000
0.000000 0.000000 0.000000
0.000000 0.000000 0.000000
0.000000 0.000000 0.000000
0.000000 0.000000 0.000000
0.000000 0.000000 0.000000
1.693000 1.275669 0.014142
1.766000 1.250335 0.014743
1.812000 1.200737 0.015123
1.875000 1.157642 0.015649
1.940000 1.110075 0.016196
2.026000 1.067692 0.016922
2.121000 1.021768 0.017727
1.835000 0.800790 0.015349
1.896000 0.741229 0.015874
2.400000 0.828852 0.020112
2.400000 0.719091 0.020131
0.000000 0.000000 0.000000
0.782000 0.162433 0.006570
0.734000 0.118587 0.006171
0.717000 0.082670 0.006032
0.696000 0.047992 0.005857
0.678000 0.015291 0.005707
0.667000 -0.015921 0.005615
0.665000 -0.046739 0.005597
0.652000 -0.076061 0.005486
0.650000 -0.105926 0.005467
0.656000 -0.137217 0.005514
0.672000 -0.171540 0.005645
0.000000 -0.000000 0.000000
1.774000 -0.615701 0.014878
1.727000 -0.678320 0.014472
1.688000 -0.739950 0.014134
1.650000 -0.798346 0.013806
1.610000 -0.852117 0.013464
1.578000 -0.906802 0.013191
1.551000 -0.961702 0.012964
1.513000 -1.006922 0.012647
1.481000 -1.053120 0.012385
1.464000 -1.107988 0.012251
0.000000 -0.000000 0.000000
0.000000 -0.000000 0.000000
0.000000 -0.000000 0.000000
0.000000 -0.000000 0.000000
0.000000 0.000000 -0.000000
0.000000 0.000000 -0.000000
0.000000 0.000000 -0.000000
0.000000 0.000000 -0.000000
0.000000 0.000000 -0.000000
1.705000 1.284695 -0.063808
1.777000 1.258100 -0.066534
1.815000 1.202696 -0.068005
1.896000 1.170571 -0.071107
1.966000 1.124911 -0.073816
2.023000 1.066064 -0.076054
2.117000 1.019790 -0.079699
2.220000 0.968749 -0.083700
1.902000 0.743528 -0.071817
1.975000 0.682030 -0.074682
2.102000 0.629758 -0.079595
0.000000 0.000000 -0.000000
0.821000 0.170520 -0.031164
0.775000 0.125200 -0.029446
0.747000 0.086122 -0.028403
0.725000 0.049987 -0.027581
0.704000 0.015876 -0.026790
0.689000 -0.016446 -0.026221
0.679000 -0.047720 -0.025835
0.669000 -0.078039 -0.025444
0.666000 -0.108525 -0.025313
0.666000 -0.139299 -0.025292
0.678000 -0.173059 -0.025721
0.000000 -0.000000 -0.000000
1.717000 -0.595881 -0.064976
1.660000 -0.651966 -0.062734
1.634000 -0.716241 -0.061667
1.586000 -0.767345 -0.059774
1.569000 -0.830384 -0.059057
1.523000 -0.875166 -0.057259
1.496000 -0.927573 -0.056186
1.457000 -0.969632 -0.054677
1.436000 -1.021104 -0.053856
1.407000 -1.064839 -0.052750
0.000000 -0.000000 -0.000000
0.000000 -0.000000 -0.000000
0.000000 -0.000000 -0.000000
0.000000 -0.000000 -0.000000
0.000000 0.000000 -0.000000
0.000000 0.000000 -0.000000
0.000000 0.000000 -0.000000
0.000000 0.000000 -0.000000
11.378000 9.093031 -0.946591
1.715000 1.292204 -0.142688
1.774000 1.255921 -0.147646
1.823000 1.207914 -0.151814
1.899000 1.172312 -0.158273
1.992000 1.139649 -0.166193
2.026000 1.067487 -0.169230
2.106000 1.014314 -0.176141
2.155000 0.940197 -0.180487
2.254000 0.880936 -0.189044
1.992000 0.687732 -0.167302
2.026000 0.606827 -0.170383
2.276000 0.577302 -0.191642
0.000000 0.000000 -0.000000
0.817000 0.131943 -0.068931
0.783000 0.090242 -0.066110
0.760000 0.052381 -0.064201
0.735000 0.016567 -0.062106
0.716000 -0.017087 -0.060504
0.705000 -0.049534 -0.059564
0.696000 -0.081166 -0.058779
0.679000 -0.110613 -0.057308
0.679000 -0.141979 -0.057261
0.690000 -0.176077 -0.058131
0.000000 -0.000000 -0.000000
1.632000 -0.566254 -0.137172
1.597000 -0.627094 -0.134059
1.569000 -0.687623 -0.131538
1.537000 -0.743519 -0.128693
1.509000 -0.798522 -0.126198
1.464000 -0.841171 -0.122304
1.443000 -0.894636 -0.120441
1.409000 -0.937634 -0.117520
1.392000 -0.989784 -0.116048
1.359000 -1.028501 -0.113272
0.000000 -0.000000 -0.000000
0.000000 -0.000000 -0.000000
0.000000 -0.000000 -0.000000
0.000000 -0.000000 -0.000000
0.000000 0.000000 -0.000000
0.000000 0.000000 -0.000000
0.000000 0.000000 -0.000000
0.000000 0.000000 -0.000000
0.000000 0.000000 -0.000000
1.720000 1.295942 -0.221836
1.777000 1.257965 -0.229247
1.820000 1.205797 -0.234916
1.893000 1.168429 -0.244521
1.956000 1.118830 -0.252899
2.012000 1.059850 -0.260429
2.109000 1.015464 -0.273322
2.167000 0.945117 -0.281208
2.233000 0.872400 -0.290163
2.325000 0.802367 -0.302521
2.276000 0.681400 -0.296524
2.117000 0.536713 -0.276135
2.002000 0.415474 -0.261410
0.000000 -0.000000 -0.000000
0.833000 0.095950 -0.108942
0.798000 0.054967 -0.104417
0.767000 0.017275 -0.100388
0.748000 -0.017845 -0.097906
0.731000 -0.051338 -0.095664
0.720000 -0.083925 -0.094187
0.707000 -0.115120 -0.092431
0.699000 -0.146095 -0.091313
0.703000 -0.179316 -0.091749
0.718000 -0.216131 -0.093606
0.000000 -0.000000 -0.000000
1.557000 -0.611177 -0.202500
1.517000 -0.664630 -0.197054
1.494000 -0.722526 -0.193833
1.448000 -0.766072 -0.187654
1.426000 -0.819192 -0.184618
1.397000 -0.866002 -0.180713
1.373000 -0.913596 -0.177496
1.349000 -0.959165 -0.174324
1.334000 -1.009574 -0.172361
0.000000 -0.000000 -0.000000
0.000000 -0.000000 -0.000000
0.000000 -0.000000 -0.000000
0.000000 -0.000000 -0.000000
0.000000 0.000000 -0.000000
0.000000 0.000000 -0.000000
0.000000 0.000000 -0.000000
0.000000 0.000000 -0.000000
12.456000 9.955009 -2.176813
1.715000 1.292150 -0.299693
1.774000 1.255746 -0.310062
1.837000 1.216892 -0.321215
1.896000 1.170046 -0.331754
1.924000 1.100233 -0.336948
2.006000 1.056340 -0.351673
2.109000 1.015063 -0.370160
2.128000 0.927683 -0.373960
2.237000 0.873512 -0.393619
2.254000 0.777421 -0.397116
2.228000 0.666615 -0.393016
2.136000 0.541168 -0.377216
2.047000 0.424511 -0.361865
1.956000 0.315481 -0.346075
0.000000 -0.000000 -0.000000
0.846000 0.058223 -0.149856
0.812000 0.018268 -0.143873
0.789000 -0.018816 -0.139804
0.762000 -0.053482 -0.134998
0.748000 -0.087132 -0.132467
0.737000 -0.119927 -0.130444
0.721000 -0.150598 -0.127516
0.718000 -0.183032 -0.126870
0.732000 -0.220221 -0.129210
0.000000 -0.000000 -0.000000
1.502000 -0.589310 -0.264523
1.461000 -0.639829 -0.257001
1.445000 -0.698578 -0.253899
1.404000 -0.742573 -0.246436
1.379000 -0.792006 -0.241824
1.351000 -0.837343 -0.236735
1.333000 -0.886883 -0.233451
1.305000 -0.927833 -0.228473
1.295000 -0.980064 -0.226705
0.000000 -0.000000 -0.000000
0.000000 -0.000000 -0.000000
0.000000 -0.000000 -0.000000
0.000000 -0.000000 -0.000000
0.000000 0.000000 -0.000000
0.000000 0.000000 -0.000000
0.000000 0.000000 -0.000000
0.000000 0.000000 -0.000000
0.000000 0.000000 -0.000000
1.717000 1.293650 -0.378639
1.769000 1.252110 -0.390150
1.835000 1.215380 -0.404851
1.902000 1.173472 -0.419878
1.953000 1.116461 -0.431475
2.006000 1.055916 -0.443606
2.083000 1.002065 -0.461130
2.144000 0.934134 -0.475186
2.220000 0.866323 -0.492623
2.183000 0.752400 -0.484996
2.106000 0.629627 -0.468432
2.040000 0.516416 -0.454242
1.992000 0.412739 -0.443983
1.930000 0.310995 -0.430516
0.000000 0.000000 -0.000000
0.903000 0.062079 -0.201652
0.861000 0.019343 -0.192323
0.833000 -0.019856 -0.186078
0.805000 -0.056457 -0.179795
0.777000 -0.090437 -0.173479
0.764000 -0.124221 -0.170483
0.748000 -0.156116 -0.166793
0.742000 -0.189009 -0.165313
0.747000 -0.224577 -0.166265
0.000000 -0.000000 -0.000000
1.441000 -0.565049 -0.320045
1.410000 -0.617180 -0.312818
1.392000 -0.672663 -0.308500
1.359000 -0.718516 -0.300896
1.343000 -0.771116 -0.297105
1.310000 -0.811770 -0.289610
1.292000 -0.859501 -0.285497
1.263000 -0.897931 -0.279021
0.000000 -0.000000 -0.000000
0.000000 -0.000000 -0.000000
0.000000 -0.000000 -0.000000
0.000000 -0.000000 -0.000000
0.000000 -0.000000 -0.000000
0.000000 0.000000 -0.000000
0.000000 0.000000 -0.000000
0.000000 0.000000 -0.000000
0.000000 0.000000 -0.000000
12.724001 10.170750 -3.389254
1.727000 1.301209 -0.459913
1.785000 1.263353 -0.475369
1.815000 1.201945 -0.483485
1.896000 1.169474 -0.505308
1.930000 1.102926 -0.514721
1.999000 1.051758 -0.533576
2.072000 0.996228 -0.553602
2.140000 0.931792 -0.572381
2.136000 0.832932 -0.571948
2.091000 0.720102 -0.560526
2.009000 0.600089 -0.539129
1.956000 0.494673 -0.525439
1.902000 0.393683 -0.511397
1.852000 0.298099 -0.498339
1.807000 0.207527 -0.486529
0.000000 -0.000000 -0.000000
0.932000 0.020903 -0.251110
0.882000 -0.021013 -0.237650
0.846000 -0.059280 -0.227917
0.823000 -0.095702 -0.221647
0.796000 -0.129303 -0.214266
0.781000 -0.162856 -0.210087
0.763000 -0.194191 -0.205080
0.764000 -0.229503 -0.205163
0.780000 -0.270020 -0.209255
1.394000 -0.546258 -0.373598
1.374000 -0.601074 -0.367868
1.348000 -0.651082 -0.360563
1.322000 -0.698676 -0.353302
1.300000 -0.746201 -0.347167
1.272000 -0.788060 -0.339497
1.258000 -0.836788 -0.335636
1.235000 -0.878002 -0.329451
0.000000 -0.000000 -0.000000
0.000000 -0.000000 -0.000000
0.000000 -0.000000 -0.000000
0.000000 -0.000000 -0.000000
0.000000 -0.000000 -0.000000
0.000000 0.000000 -0.000000
0.000000 0.000000 -0.000000
0.000000 0.000000 -0.000000
0.000000 0.000000 -0.000000
0.000000 0.000000 -0.000000
1.725000 1.299776 -0.538385
1.793000 1.268967 -0.559566
1.852000 1.226274 -0.578069
1.890000 1.165482 -0.590151
1.940000 1.108238 -0.606109
1.992000 1.047576 -0.622813
2.109000 1.013421 -0.659965
2.106000 0.916349 -0.659659
2.037000 0.793691 -0.638692
1.979000 0.680918 -0.621142
1.918000 0.572340 -0.602598
1.872000 0.472920 -0.588698
1.820000 0.376276 -0.572828
1.787000 0.287284 -0.562847
1.727000 0.198081 -0.544262
1.700000 0.116557 -0.535973
0.000000 -0.000000 -0.000000
0.955000 -0.022740 -0.301177
0.907000 -0.063493 -0.286001
0.868000 -0.100831 -0.273619
0.842000 -0.136635 -0.265298
0.814000 -0.169567 -0.256318
0.797000 -0.202652 -0.250780
0.794000 -0.238304 -0.249628
0.793000 -0.274299 -0.249092
1.352000 -0.529420 -0.424292
1.340000 -0.585837 -0.420147
1.302000 -0.628538 -0.407887
1.293000 -0.683068 -0.404762
1.259000 -0.722448 -0.393874
1.246000 -0.771801 -0.389629
1.217000 -0.809443 -0.380462
1.204000 -0.855972 -0.376383
0.000000 -0.000000 -0.000000
0.000000 -0.000000 -0.000000
0.000000 -0.000000 -0.000000
0.000000 -0.000000 -0.000000
0.000000 -0.000000 -0.000000
0.000000 0.000000 -0.000000
0.000000 0.000000 -0.000000
0.000000 0.000000 -0.000000
0.000000 0.000000 -0.000000
10.757001 8.601327 -3.851811
1.727000 1.301423 -0.618149
1.796000 1.271098 -0.642732
1.884000 1.247331 -0.674254
1.902000 1.172618 -0.680869
1.995000 1.139259 -0.714479
2.023000 1.063373 -0.724949
2.051000 0.984959 -0.735529
2.009000 0.873512 -0.721072
1.943000 0.756430 -0.698010
1.893000 0.650711 -0.680673
1.843000 0.549381 -0.663294
1.801000 0.454463 -0.648731
1.743000 0.359913 -0.628324
1.712000 0.274865 -0.617558
1.662000 0.190357 -0.599839
1.634000 0.111859 -0.589958
1.593000 0.035585 -0.575281
1.016000 -0.024180 -0.366928
0.985000 -0.068883 -0.355691
0.918000 -0.106523 -0.331405
0.000000 -0.000000 -0.000000
1.415000 -0.294454 -0.510324
1.395000 -0.354351 -0.502776
1.362000 -0.408401 -0.490516
1.289000 -0.445492 -0.463856
1.319000 -0.516115 -0.474267
1.299000 -0.567552 -0.466708
1.268000 -0.611807 -0.455239
1.252000 -0.661143 -0.449212
1.221000 -0.700445 -0.437871
1.210000 -0.749380 -0.433783
1.187000 -0.789452 -0.425478
1.173000 -0.833983 -0.420490
0.000000 -0.000000 -0.000000
0.000000 -0.000000 -0.000000
0.000000 -0.000000 -0.000000
0.000000 -0.000000 -0.000000
0.000000 -0.000000 -0.000000
0.000000 0.000000 -0.000000
0.000000 0.000000 -0.000000
0.000000 0.000000 -0.000000
0.000000 0.000000 -0.000000
0.000000 0.000000 -0.000000
1.715000 1.292602 -0.692511
1.793000 1.269059 -0.723802
1.829000 1.210855 -0.738280
1.940000 1.195832 -0.783185
1.995000 1.138905 -0.805642
2.019000 1.060797 -0.815722
1.975000 0.947911 -0.798432
1.905000 0.827702 -0.770680
1.858000 0.722731 -0.752249
1.815000 0.623299 -0.735432
1.758000 0.523482 -0.712905
1.720000 0.433513 -0.698027
1.686000 0.347700 -0.684703
1.643000 0.263426 -0.667639
1.597000 0.182644 -0.649259
1.574000 0.107577 -0.640131
1.531000 0.034123 -0.622769
1.509000 -0.035896 -0.613852
0.000000 -0.000000 -0.000000
1.447000 -0.167723 -0.588429
1.410000 -0.228306 -0.573167
1.386000 -0.288111 -0.563134
1.351000 -0.342828 -0.548592
1.339000 -0.401131 -0.543363
1.300000 -0.448919 -0.527173
1.279000 -0.500099 -0.518296
1.256000 -0.548428 -0.508637
1.234000 -0.595110 -0.499429
1.216000 -0.641900 -0.491899
1.192000 -0.683649 -0.482016
1.177000 -0.728864 -0.475855
1.154000 -0.767515 -0.466550
1.138000 -0.809202 -0.460169
0.000000 -0.000000 -0.000000
0.000000 -0.000000 -0.000000
0.000000 -0.000000 -0.000000
0.000000 -0.000000 -0.000000
0.000000 -0.000000 -0.000000
0.000000 0.000000 -0.000000
0.000000 0.000000 -0.000000
0.000000 0.000000 -0.000000
0.000000 0.000000 -0.000000
11.163000 8.931245 -5.023028
1.720000 1.296690 -0.773508
1.777000 1.257914 -0.798832
1.863000 1.233392 -0.837330
1.875000 1.155641 -0.842722
1.995000 1.138624 -0.896815
1.949000 1.023621 -0.876432
1.899000 0.910950 -0.854349
1.843000 0.800227 -0.829631
1.798000 0.698828 -0.809897
1.730000 0.593553 -0.779800
1.703000 0.506569 -0.768158
1.650000 0.415384 -0.744745
1.632000 0.336136 -0.737069
1.586000 0.253939 -0.716673
1.553000 0.177349 -0.702062
1.515000 0.103373 -0.685097
1.490000 0.033130 -0.673917
1.454000 -0.034576 -0.657668
1.426000 -0.099524 -0.644952
1.399000 -0.161985 -0.632609
1.363000 -0.220458 -0.616131
1.343000 -0.278881 -0.606833
1.315000 -0.333366 -0.593883
1.296000 -0.387902 -0.584978
1.264000 -0.436140 -0.570203
1.251000 -0.488817 -0.564015
1.221000 -0.532847 -0.550195
1.205000 -0.580875 -0.542734
1.179000 -0.622184 -0.530834
1.167000 -0.669203 -0.525314
1.141000 -0.706550 -0.513578
1.133000 -0.753621 -0.510036
1.112000 -0.790881 -0.500737
0.000000 -0.000000 -0.000000
0.000000 -0.000000 -0.000000
0.000000 -0.000000 -0.000000
0.000000 -0.000000 -0.000000
0.000000 -0.000000 -0.000000
0.000000 0.000000 -0.000000
0.000000 0.000000 -0.000000
0.000000 0.000000 -0.000000
0.000000 0.000000 -0.000000
0.000000 0.000000 -0.000000
1.756000 1.324269 -0.870449
1.801000 1.275198 -0.892322
1.815000 1.201751 -0.898979
1.912000 1.178425 -0.946899
1.905000 1.087087 -0.943470
1.855000 0.973958 -0.918885
1.804000 0.864990 -0.893914
1.750000 0.759394 -0.867532
1.720000 0.668020 -0.853095
1.664000 0.570412 -0.825779
1.639000 0.487046 -0.813839
1.593000 0.400587 -0.791441
1.563000 0.321529 -0.776940
1.523000 0.243526 -0.757402
1.502000 0.171275 -0.747238
1.461000 0.099525 -0.727040
1.441000 0.031962 -0.717207
1.410000 -0.033523 -0.701815
1.384000 -0.096507 -0.688831
1.349000 -0.156039 -0.671298
1.328000 -0.214580 -0.660671
1.300000 -0.269689 -0.646515
1.276000 -0.323186 -0.634317
1.256000 -0.375622 -0.624093
1.231000 -0.424450 -0.611387
1.211000 -0.472904 -0.601185
1.192000 -0.519947 -0.591516
1.174000 -0.565740 -0.582397
1.151000 -0.607287 -0.570865
1.136000 -0.651385 -0.563379
1.115000 -0.690499 -0.553006
1.103000 -0.733809 -0.547188
1.080000 -0.768357 -0.536005
0.000000 -0.000000 -0.000000
0.000000 -0.000000 -0.000000
0.000000 -0.000000 -0.000000
0.000000 -0.000000 -0.000000
0.000000 -0.000000 -0.000000
