0.000000 0.000000 0.000000
0.000000 0.000000 0.000000
0.000000 0.000000 0.000000
0.000000 0.000000 0.000000
0.000000 0.000000 0.000000
1.878000 1.417461 1.049440
1.881000 1.332800 1.050456
1.878000 1.244175 1.048277
1.720000 1.060514 0.959774
2.121000 1.210607 1.183341
2.348000 1.232826 1.309965
2.381000 1.141443 1.328527
2.391000 1.037150 1.334405
2.400000 0.931579 1.339841
2.405000 0.823788 1.343125
2.445000 0.725866 1.366009
0.000000 0.000000 0.000000
0.000000 -0.000000 -0.000000
0.536000 0.085583 0.299802
0.518000 0.058973 0.289818
0.516000 0.035084 0.288762
0.514000 0.011365 0.287683
0.517000 -0.012296 0.289377
0.524000 -0.036511 0.293286
0.533000 -0.061595 0.298290
0.541000 -0.087333 0.302711
0.565000 -0.117106 0.316064
0.000000 -0.000000 0.000000
0.000000 -0.000000 0.000000
2.353000 -0.810880 1.315144
2.289000 -0.893535 1.279044
1.717000 -0.748801 0.959233
1.657000 -0.798481 0.925610
0.000000 -0.000000 0.000000
1.392000 -0.798460 0.777679
1.390000 -0.861258 0.776777
1.394000 -0.928048 0.779351
1.368000 -0.974061 0.765268
0.000000 -0.000000 0.000000
0.000000 -0.000000 0.000000
0.000000 -0.000000 0.000000
0.000000 -0.000000 0.000000
0.000000 -0.000000 0.000000
0.000000 0.000000 0.000000
0.000000 0.000000 0.000000
0.000000 0.000000 0.000000
0.000000 0.000000 0.000000
0.000000 0.000000 0.000000
1.995000 1.505058 1.022783
1.972000 1.396738 1.010437
1.953000 1.293499 1.000324
1.809000 1.115215 0.926381
2.076000 1.184897 1.063075
2.258000 1.185717 1.156413
2.276000 1.091401 1.165929
2.271000 0.985510 1.163791
2.307000 0.895984 1.182765
2.316000 0.793860 1.187968
0.000000 0.000000 0.000000
0.000000 -0.000000 -0.000000
0.560000 0.115176 0.287679
0.525000 0.083927 0.269813
0.509000 0.058025 0.261681
0.505000 0.034389 0.259692
0.504000 0.011171 0.259218
0.507000 -0.012056 0.260775
0.514000 -0.035839 0.264361
0.520000 -0.060141 0.267407
0.531000 -0.085789 0.272998
0.556000 -0.115332 0.285760
0.583000 -0.147651 0.299526
0.000000 -0.000000 0.000000
2.367000 -0.816135 1.215101
2.276000 -0.888824 1.167935
1.769000 -0.771694 0.907464
2.339000 -1.127289 1.199561
2.339000 -1.234316 1.199390
2.339000 -1.341496 1.199380
2.167000 -1.342354 1.111346
2.113000 -1.406197 1.083994
2.132000 -1.517339 1.094277
2.179000 -1.651837 1.119139
0.000000 -0.000000 0.000000
0.000000 -0.000000 0.000000
0.000000 -0.000000 0.000000
0.000000 -0.000000 0.000000
0.000000 0.000000 0.000000
0.000000 0.000000 0.000000
0.000000 0.000000 0.000000
0.000000 0.000000 0.000000
0.000000 0.000000 0.000000
1.912000 1.441889 0.892196
1.985000 1.405542 0.925838
1.972000 1.305860 0.919530
1.748000 1.077565 0.815018
1.890000 1.078842 0.881316
2.159000 1.134007 1.007016
2.212000 1.061128 1.032146
2.212000 0.960424 1.032666
2.233000 0.867836 1.043074
2.233000 0.766036 1.043723
0.000000 0.000000 0.000000
0.581000 0.146235 0.271903
0.541000 0.111400 0.253327
0.509000 0.081474 0.238461
0.497000 0.056737 0.232933
0.496000 0.033830 0.232533
0.497000 0.011043 0.233043
0.498000 -0.011844 0.233524
0.503000 -0.035101 0.235852
0.512000 -0.059272 0.240026
0.523000 -0.084578 0.245110
0.548000 -0.113777 0.256727
0.576000 -0.146002 0.269720
0.000000 -0.000000 0.000000
0.000000 -0.000000 0.000000
1.890000 -0.738481 0.883653
2.087000 -0.910790 0.975302
2.237000 -1.078428 1.044991
2.263000 -1.194376 1.056836
2.267000 -1.300203 1.058547
2.237000 -1.385534 1.044551
1.650000 -1.097793 0.770602
1.509000 -1.073561 0.705018
2.132000 -1.615473 0.996656
0.000000 -0.000000 0.000000
0.000000 -0.000000 0.000000
0.000000 -0.000000 0.000000
0.000000 -0.000000 0.000000
0.000000 0.000000 0.000000
0.000000 0.000000 0.000000
0.000000 0.000000 0.000000
0.000000 0.000000 0.000000
0.000000 0.000000 0.000000
1.982000 1.494234 0.833753
2.026000 1.434296 0.851959
1.695000 1.122347 0.712662
1.787000 1.101670 0.751381
1.835000 1.047653 0.771746
2.009000 1.055579 0.845264
2.106000 1.010768 0.886550
2.009000 0.872831 0.846258
1.915000 0.744817 0.807234
1.995000 0.685004 0.841583
0.000000 0.000000 0.000000
0.566000 0.142621 0.239113
0.532000 0.109682 0.224896
0.497000 0.079660 0.210219
0.491000 0.056134 0.207776
0.489000 0.033407 0.206998
0.490000 0.010914 0.207462
0.491000 -0.011680 0.207896
0.497000 -0.034715 0.210417
0.504000 -0.058406 0.213333
0.516000 -0.083532 0.218335
0.539000 -0.112021 0.227963
0.568000 -0.144109 0.240097
0.000000 -0.000000 0.000000
0.000000 -0.000000 0.000000
1.881000 -0.735432 0.793619
2.159000 -0.942694 0.910365
2.386000 -1.150696 1.005551
2.371000 -1.251682 0.998807
2.216000 -1.271090 0.933244
0.000000 -0.000000 -0.000000
1.671000 -1.111598 0.703682
1.466000 -1.042694 0.617517
1.454000 -1.101335 0.612750
0.000000 -0.000000 0.000000
0.000000 -0.000000 0.000000
0.000000 -0.000000 0.000000
0.000000 -0.000000 0.000000
0.000000 0.000000 0.000000
0.000000 0.000000 0.000000
0.000000 0.000000 0.000000
0.000000 0.000000 0.000000
0.000000 0.000000 0.000000
1.992000 1.501446 0.746516
1.639000 1.160191 0.614070
1.678000 1.111098 0.628660
1.801000 1.110451 0.674859
2.019000 1.153016 0.756825
2.040000 1.072306 0.765104
2.037000 0.978186 0.764490
2.058000 0.894729 0.772966
1.989000 0.774227 0.747672
2.026000 0.696299 0.762235
0.000000 0.000000 0.000000
0.553000 0.139507 0.208398
0.517000 0.106724 0.194974
0.490000 0.078645 0.184908
0.484000 0.055415 0.182736
0.484000 0.033119 0.182803
0.485000 0.010827 0.183219
0.486000 -0.011566 0.183606
0.491000 -0.034329 0.185475
0.499000 -0.057889 0.188448
0.510000 -0.082650 0.192525
0.533000 -0.110889 0.201102
0.556000 -0.141204 0.209649
0.000000 -0.000000 0.000000
0.000000 -0.000000 0.000000
1.940000 -0.759029 0.729909
2.316000 -1.011830 0.870746
2.339000 -1.128539 0.878816
2.362000 -1.247332 0.886964
2.353000 -1.349930 0.883214
1.725000 -1.068455 0.647326
1.657000 -1.102216 0.621771
1.513000 -1.075933 0.567822
1.472000 -1.114661 0.552639
0.000000 -0.000000 0.000000
0.000000 -0.000000 0.000000
0.000000 -0.000000 0.000000
0.000000 -0.000000 0.000000
0.000000 0.000000 0.000000
0.000000 0.000000 0.000000
0.000000 0.000000 0.000000
0.000000 0.000000 0.000000
0.000000 0.000000 0.000000
1.893000 1.426614 0.622604
1.621000 1.147397 0.533060
1.653000 1.094619 0.543624
1.918000 1.182817 0.630960
1.975000 1.128248 0.650029
1.975000 1.038604 0.650457
1.982000 0.952324 0.653279
1.992000 0.866644 0.657159
2.002000 0.779930 0.661084
1.972000 0.678376 0.651806
0.000000 0.000000 0.000000
0.542000 0.136888 0.179477
0.510000 0.105409 0.169017
0.489000 0.078588 0.162169
0.483000 0.055379 0.160267
0.483000 0.033103 0.160330
0.484000 0.010828 0.160699
0.486000 -0.011572 0.161371
0.490000 -0.034294 0.162679
0.496000 -0.057603 0.164623
0.507000 -0.082253 0.168199
0.530000 -0.110380 0.175727
0.548000 -0.139309 0.181568
0.000000 -0.000000 0.000000
0.000000 -0.000000 0.000000
2.220000 -0.869205 0.733726
2.241000 -0.979661 0.740048
2.289000 -1.104959 0.755311
2.267000 -1.197608 0.747544
2.271000 -1.303209 0.748456
0.000000 -0.000000 0.000000
1.621000 -1.078277 0.533939
1.521000 -1.081510 0.501021
1.505000 -1.139420 0.495885
0.000000 -0.000000 0.000000
0.000000 -0.000000 0.000000
0.000000 -0.000000 0.000000
0.000000 -0.000000 0.000000
0.000000 0.000000 0.000000
0.000000 0.000000 0.000000
0.000000 0.000000 0.000000
0.000000 0.000000 0.000000
0.000000 0.000000 0.000000
1.531000 1.153693 0.433383
1.590000 1.125458 0.450056
1.804000 1.194744 0.510719
1.902000 1.173212 0.538680
1.896000 1.083487 0.537304
1.902000 1.000675 0.539419
1.905000 0.915854 0.540759
1.921000 0.836331 0.545844
1.934000 0.754041 0.550115
0.000000 0.000000 0.000000
0.000000 -0.000000 -0.000000
0.531000 0.134255 0.151503
0.508000 0.105118 0.145067
0.487000 0.078364 0.139173
0.484000 0.055567 0.138398
0.483000 0.033151 0.138170
0.484000 0.010849 0.138489
0.487000 -0.011602 0.139355
0.490000 -0.034327 0.140194
0.497000 -0.057779 0.142151
0.507000 -0.082338 0.144941
0.525000 -0.109449 0.149991
0.540000 -0.137406 0.154158
0.000000 -0.000000 0.000000
0.000000 -0.000000 0.000000
2.136000 -0.836910 0.608114
2.144000 -0.937828 0.609819
2.148000 -1.037416 0.610416
2.212000 -1.169011 0.628107
2.171000 -1.246171 0.616060
2.106000 -1.304825 0.597324
1.619000 -1.077008 0.459065
1.543000 -1.097103 0.437489
1.523000 -1.152886 0.431896
0.000000 -0.000000 0.000000
0.000000 -0.000000 0.000000
0.000000 -0.000000 0.000000
0.000000 -0.000000 0.000000
0.000000 0.000000 0.000000
0.000000 0.000000 0.000000
0.000000 0.000000 0.000000
0.000000 0.000000 0.000000
0.000000 0.000000 0.000000
0.000000 0.000000 0.000000
1.648000 1.166556 0.391025
1.823000 1.207487 0.432663
1.826000 1.126597 0.433590
1.837000 1.050126 0.436507
1.852000 0.974800 0.440454
1.846000 0.887973 0.439467
1.852000 0.806812 0.441376
1.887000 0.736262 0.450230
0.000000 0.000000 0.000000
0.000000 -0.000000 -0.000000
0.531000 0.134389 0.127111
0.504000 0.104401 0.120760
0.490000 0.078935 0.117498
0.488000 0.056093 0.117091
0.487000 0.033469 0.116903
0.489000 0.010981 0.117413
0.490000 -0.011679 0.117659
0.496000 -0.034779 0.119082
0.500000 -0.058184 0.120001
0.511000 -0.083067 0.122577
0.527000 -0.109967 0.126329
0.543000 -0.138291 0.130057
0.578000 -0.173738 0.138312
0.000000 -0.000000 0.000000
2.051000 -0.804141 0.489794
2.091000 -0.915173 0.498833
2.098000 -1.013757 0.500013
2.051000 -1.084342 0.488378
2.094000 -1.202315 0.498241
2.016000 -1.249294 0.479401
1.930000 -1.284007 0.458776
0.000000 -0.000000 0.000000
1.606000 -1.215605 0.381738
0.000000 -0.000000 0.000000
0.000000 -0.000000 0.000000
0.000000 -0.000000 0.000000
0.000000 -0.000000 0.000000
0.000000 0.000000 0.000000
0.000000 0.000000 0.000000
0.000000 0.000000 0.000000
0.000000 0.000000 0.000000
14.609001 11.676902 2.797786
0.000000 0.000000 0.000000
1.758000 1.244489 0.336646
1.766000 1.169893 0.338293
1.782000 1.099696 0.341555
1.787000 1.021863 0.342780
1.804000 0.949917 0.346370
1.807000 0.869638 0.347322
1.815000 0.791147 0.349267
1.823000 0.711756 0.351232
0.000000 0.000000 0.000000
0.000000 -0.000000 -0.000000
0.530000 0.134252 0.102468
0.511000 0.105949 0.098891
0.495000 0.079819 0.095874
0.493000 0.056727 0.095549
0.493000 0.033919 0.095594
0.495000 0.011132 0.096006
0.496000 -0.011828 0.096205
0.501000 -0.035157 0.097160
0.505000 -0.058814 0.097900
0.516000 -0.083949 0.099977
0.532000 -0.111100 0.103003
0.545000 -0.138907 0.105428
0.583000 -0.175367 0.112668
0.000000 -0.000000 0.000000
2.006000 -0.786963 0.386832
2.009000 -0.879738 0.386984
2.019000 -0.976011 0.388500
2.030000 -1.073619 0.390238
2.058000 -1.181963 0.395290
1.999000 -1.238986 0.383702
1.934000 -1.286797 0.371055
1.979000 -1.407127 0.379603
2.009000 -1.520559 0.385369
0.000000 -0.000000 0.000000
0.000000 -0.000000 0.000000
0.000000 -0.000000 0.000000
0.000000 -0.000000 0.000000
0.000000 0.000000 0.000000
0.000000 0.000000 0.000000
0.000000 0.000000 0.000000
0.000000 0.000000 0.000000
0.000000 0.000000 0.000000
1.705000 1.284712 0.248407
1.725000 1.221199 0.251355
1.717000 1.137576 0.250288
1.725000 1.064729 0.251614
1.730000 0.989533 0.252556
1.740000 0.916527 0.254273
1.740000 0.837736 0.254563
1.764000 0.769283 0.258391
1.764000 0.689094 0.258719
0.000000 0.000000 0.000000
0.000000 -0.000000 -0.000000
0.532000 0.134854 0.078308
0.517000 0.107274 0.076177
0.503000 0.081174 0.074178
0.502000 0.057812 0.074080
0.502000 0.034570 0.074116
0.503000 0.011326 0.074284
0.504000 -0.012023 0.074435
0.510000 -0.035812 0.075309
0.516000 -0.060137 0.076166
0.525000 -0.085472 0.077450
0.540000 -0.112846 0.079603
0.556000 -0.141801 0.081887
0.590000 -0.177578 0.086806
0.000000 -0.000000 0.000000
1.918000 -0.752811 0.281554
1.940000 -0.849891 0.284454
1.962000 -0.948806 0.287359
1.982000 -1.048549 0.289990
1.989000 -1.142600 0.290753
1.915000 -1.187117 0.279732
2.006000 -1.334829 0.292873
2.012000 -1.430634 0.293667
1.972000 -1.492509 0.287823
0.000000 -0.000000 0.000000
0.000000 -0.000000 0.000000
0.000000 -0.000000 0.000000
0.000000 -0.000000 0.000000
0.000000 0.000000 0.000000
0.000000 0.000000 0.000000
0.000000 0.000000 0.000000
0.000000 0.000000 0.000000
0.000000 0.000000 0.000000
1.655000 1.247040 0.165355
1.641000 1.161789 0.163982
1.671000 1.107209 0.167051
1.683000 1.038963 0.168362
1.693000 0.968568 0.169511
1.693000 0.892001 0.169689
1.712000 0.824511 0.171795
1.710000 0.746003 0.171811
1.725000 0.674134 0.173543
0.000000 0.000000 0.000000
0.000000 -0.000000 -0.000000
0.539000 0.136701 0.054427
0.527000 0.109411 0.053270
0.516000 0.083322 0.052203
0.514000 0.059231 0.052037
0.514000 0.035421 0.052062
0.517000 0.011651 0.052381
0.519000 -0.012385 0.052586
0.523000 -0.036743 0.052982
0.529000 -0.061684 0.053569
0.539000 -0.087797 0.054550
0.555000 -0.116039 0.056126
0.570000 -0.145441 0.057589
0.000000 -0.000000 0.000000
0.000000 -0.000000 0.000000
1.866000 -0.732674 0.187894
1.878000 -0.823000 0.188878
1.893000 -0.915695 0.190167
1.905000 -1.008046 0.191169
1.915000 -1.100288 0.191994
1.890000 -1.171770 0.189343
1.943000 -1.293008 0.194546
1.975000 -1.404366 0.197689
1.966000 -1.487943 0.196780
0.000000 -0.000000 0.000000
0.000000 -0.000000 0.000000
0.000000 -0.000000 0.000000
0.000000 -0.000000 0.000000
0.000000 0.000000 0.000000
0.000000 0.000000 0.000000
0.000000 0.000000 0.000000
0.000000 0.000000 0.000000
0.000000 0.000000 0.000000
1.580000 1.190529 0.085529
1.606000 1.137046 0.086948
1.632000 1.081436 0.088390
1.632000 1.007576 0.088447
1.641000 0.938941 0.089011
1.646000 0.867380 0.089375
1.648000 0.793845 0.089588
1.655000 0.722174 0.090081
1.657000 0.647728 0.090307
0.000000 0.000000 0.000000
0.000000 -0.000000 -0.000000
0.552000 0.140046 0.030195
0.539000 0.111943 0.029515
0.529000 0.085454 0.028992
0.531000 0.061215 0.029122
0.531000 0.036608 0.029136
0.533000 0.012018 0.029254
0.536000 -0.012793 0.029420
0.540000 -0.037949 0.029635
0.546000 -0.063687 0.029952
0.557000 -0.090759 0.030538
0.573000 -0.119841 0.031391
0.590000 -0.150590 0.032292
0.000000 -0.000000 0.000000
0.000000 -0.000000 0.000000
1.804000 -0.708498 0.098405
1.812000 -0.794242 0.098725
1.826000 -0.883443 0.099374
1.829000 -0.967973 0.099432
1.863000 -1.070533 0.101188
1.881000 -1.166286 0.102090
1.887000 -1.255805 0.102361
1.896000 -1.348217 0.102820
1.899000 -1.437220 0.102982
0.000000 -0.000000 0.000000
0.000000 -0.000000 0.000000
0.000000 -0.000000 0.000000
0.000000 -0.000000 0.000000
0.000000 0.000000 0.000000
0.000000 0.000000 0.000000
0.000000 0.000000 0.000000
0.000000 0.000000 0.000000
11.059001 8.838144 0.092466
1.574000 1.186003 0.013148
1.578000 1.117230 0.013174
1.580000 1.047000 0.013187
1.586000 0.979210 0.013237
1.586000 0.907515 0.013240
1.610000 0.848462 0.013447
1.599000 0.770300 0.013364
1.619000 0.706528 0.013542
1.630000 0.637238 0.013647
0.000000 0.000000 0.000000
0.000000 -0.000000 -0.000000
0.572000 0.145139 0.004802
0.563000 0.116944 0.004730
0.556000 0.089829 0.004675
0.554000 0.063876 0.004661
0.556000 0.038339 0.004679
0.556000 0.012540 0.004680
0.561000 -0.013391 0.004723
0.563000 -0.039570 0.004739
0.571000 -0.066612 0.004805
0.584000 -0.095170 0.004912
0.594000 -0.124248 0.004993
0.613000 -0.156479 0.005149
0.000000 -0.000000 0.000000
1.740000 -0.603900 0.014593
1.764000 -0.692852 0.014782
1.766000 -0.774142 0.014787
1.796000 -0.868988 0.015028
1.801000 -0.953207 0.015061
1.801000 -1.034950 0.015055
1.804000 -1.118575 0.015078
1.823000 -1.213231 0.015239
1.835000 -1.304844 0.015345
1.837000 -1.390283 0.015373
0.000000 -0.000000 0.000000
0.000000 -0.000000 0.000000
0.000000 -0.000000 0.000000
0.000000 -0.000000 0.000000
0.000000 0.000000 -0.000000
0.000000 0.000000 -0.000000
0.000000 0.000000 -0.000000
0.000000 0.000000 -0.000000
0.000000 0.000000 -0.000000
1.500000 1.130230 -0.056137
1.472000 1.042163 -0.055114
1.483000 0.982699 -0.055566
1.513000 0.934111 -0.056743
1.545000 0.884022 -0.058009
1.563000 0.823657 -0.058760
1.574000 0.758219 -0.059257
1.580000 0.689470 -0.059570
1.580000 0.617652 -0.059659
1.584000 0.547006 -0.059897
0.000000 0.000000 -0.000000
0.592000 0.150202 -0.022446
0.583000 0.121088 -0.022130
0.582000 0.094021 -0.022113
0.579000 0.066753 -0.022015
0.581000 0.040059 -0.022103
0.583000 0.013147 -0.022186
0.587000 -0.014011 -0.022339
0.591000 -0.041535 -0.022487
0.598000 -0.069757 -0.022743
0.614000 -0.100052 -0.023337
0.623000 -0.130305 -0.023659
0.643000 -0.164125 -0.024393
0.000000 -0.000000 -0.000000
1.708000 -0.592757 -0.064636
1.720000 -0.675531 -0.065002
1.722000 -0.754814 -0.064988
1.727000 -0.835564 -0.065088
1.738000 -0.919826 -0.065419
1.748000 -1.004459 -0.065718
1.764000 -1.093742 -0.066252
1.766000 -1.175271 -0.066272
1.787000 -1.270692 -0.067020
1.793000 -1.356969 -0.067222
0.000000 -0.000000 -0.000000
0.000000 -0.000000 -0.000000
0.000000 -0.000000 -0.000000
0.000000 -0.000000 -0.000000
0.000000 0.000000 -0.000000
0.000000 0.000000 -0.000000
0.000000 0.000000 -0.000000
0.000000 0.000000 -0.000000
0.000000 0.000000 -0.000000
1.490000 1.122673 -0.123968
1.463000 1.035746 -0.121762
1.387000 0.919022 -0.115505
1.450000 0.895130 -0.120851
1.511000 0.864463 -0.126063
1.521000 0.801406 -0.127048
1.527000 0.735450 -0.127715
1.533000 0.668827 -0.128393
1.543000 0.603054 -0.129412
1.553000 0.536169 -0.130431
0.000000 0.000000 -0.000000
0.623000 0.158023 -0.052457
0.619000 0.128527 -0.052177
0.609000 0.098352 -0.051382
0.610000 0.070303 -0.051503
0.613000 0.042250 -0.051783
0.617000 0.013908 -0.052136
0.621000 -0.014820 -0.052476
0.625000 -0.043913 -0.052805
0.632000 -0.073702 -0.053374
0.652000 -0.106214 -0.055029
0.658000 -0.137588 -0.055490
0.679000 -0.173270 -0.057205
0.000000 -0.000000 -0.000000
1.657000 -0.574928 -0.139274
1.662000 -0.652618 -0.139515
1.664000 -0.729257 -0.139503
1.676000 -0.810760 -0.140331
1.695000 -0.896948 -0.141754
1.700000 -0.976770 -0.142020
1.715000 -1.063272 -0.143143
1.725000 -1.147919 -0.143877
1.733000 -1.232252 -0.144476
1.748000 -1.322899 -0.145695
0.000000 -0.000000 -0.000000
0.000000 -0.000000 -0.000000
0.000000 -0.000000 -0.000000
0.000000 -0.000000 -0.000000
0.000000 0.000000 -0.000000
0.000000 0.000000 -0.000000
0.000000 0.000000 -0.000000
0.000000 0.000000 -0.000000
0.000000 0.000000 -0.000000
1.461000 1.100797 -0.188431
1.464000 1.036388 -0.188868
1.463000 0.969275 -0.188836
1.470000 0.907338 -0.189882
1.466000 0.838551 -0.189545
1.485000 0.782245 -0.192215
1.498000 0.721273 -0.194138
1.504000 0.655955 -0.195171
1.507000 0.588763 -0.195824
1.513000 0.522142 -0.196866
1.515000 0.453568 -0.197379
0.000000 0.000000 -0.000000
0.656000 0.136139 -0.085657
0.652000 0.105239 -0.085210
0.652000 0.075101 -0.085270
0.653000 0.044979 -0.085444
0.653000 0.014707 -0.085467
0.658000 -0.015698 -0.086126
0.665000 -0.046703 -0.087027
0.677000 -0.078913 -0.088562
0.692000 -0.112678 -0.090470
0.697000 -0.145677 -0.091052
0.000000 -0.000000 -0.000000
1.597000 -0.480726 -0.208201
1.614000 -0.559796 -0.210170
1.619000 -0.635514 -0.210563
1.639000 -0.718081 -0.212901
1.639000 -0.792651 -0.212645
1.650000 -0.872941 -0.213832
1.650000 -0.947873 -0.213619
1.657000 -1.027176 -0.214346
1.671000 -1.111886 -0.216020
1.688000 -1.200200 -0.218131
1.700000 -1.286564 -0.219650
0.000000 -0.000000 -0.000000
0.000000 -0.000000 -0.000000
0.000000 -0.000000 -0.000000
0.000000 -0.000000 -0.000000
0.000000 0.000000 -0.000000
0.000000 0.000000 -0.000000
0.000000 0.000000 -0.000000
0.000000 0.000000 -0.000000
0.000000 0.000000 -0.000000
1.415000 1.066118 -0.247268
1.426000 1.009410 -0.249238
1.431000 0.947944 -0.250222
1.440000 0.888642 -0.251965
1.448000 0.828034 -0.253586
1.447000 0.761976 -0.253675
1.454000 0.699811 -0.255198
1.455000 0.634295 -0.255692
1.472000 0.574792 -0.259011
1.477000 0.509428 -0.260222
1.475000 0.441319 -0.260188
0.000000 0.000000 -0.000000
0.704000 0.145997 -0.124452
0.703000 0.113386 -0.124382
0.694000 0.079875 -0.122873
0.694000 0.047762 -0.122932
0.696000 0.015658 -0.123319
0.704000 -0.016789 -0.124743
0.709000 -0.049762 -0.125608
0.719000 -0.083754 -0.127331
0.742000 -0.120741 -0.131329
0.759000 -0.158535 -0.134236
0.000000 -0.000000 -0.000000
1.571000 -0.472632 -0.277308
1.578000 -0.547025 -0.278232
1.580000 -0.619913 -0.278260
1.586000 -0.694571 -0.278990
1.580000 -0.763843 -0.277620
1.603000 -0.847823 -0.281365
1.603000 -0.920657 -0.281105
1.612000 -0.999109 -0.282469
1.630000 -1.084485 -0.285465
1.643000 -1.168145 -0.287648
1.643000 -1.243432 -0.287627
0.000000 -0.000000 -0.000000
0.000000 -0.000000 -0.000000
0.000000 -0.000000 -0.000000
0.000000 -0.000000 -0.000000
0.000000 0.000000 -0.000000
0.000000 0.000000 -0.000000
0.000000 0.000000 -0.000000
0.000000 0.000000 -0.000000
0.000000 0.000000 -0.000000
1.392000 1.048783 -0.306969
1.395000 0.987390 -0.307665
1.399000 0.926603 -0.308657
1.402000 0.864988 -0.309500
1.409000 0.805476 -0.311290
1.414000 0.744300 -0.312691
1.415000 0.680712 -0.313250
1.431000 0.623482 -0.317160
1.433000 0.559207 -0.317986
1.447000 0.498728 -0.321479
1.450000 0.433504 -0.322520
0.000000 0.000000 -0.000000
0.762000 0.157885 -0.169837
0.755000 0.121659 -0.168414
0.748000 0.086005 -0.166961
0.749000 0.051492 -0.167262
0.750000 0.016850 -0.167528
0.760000 -0.018116 -0.169771
0.762000 -0.053441 -0.170191
0.777000 -0.090437 -0.173479
0.789000 -0.128286 -0.176062
0.814000 -0.169890 -0.181510
0.000000 -0.000000 -0.000000
1.527000 -0.459075 -0.339875
1.531000 -0.530392 -0.340406
1.545000 -0.605830 -0.343143
1.551000 -0.678898 -0.344099
1.561000 -0.754330 -0.345954
1.567000 -0.828487 -0.346949
1.569000 -0.900879 -0.347101
1.580000 -0.979082 -0.349301
1.578000 -1.049762 -0.348695
1.599000 -1.136811 -0.353250
1.593000 -1.205622 -0.351926
0.000000 -0.000000 -0.000000
0.000000 -0.000000 -0.000000
0.000000 -0.000000 -0.000000
0.000000 -0.000000 -0.000000
0.000000 0.000000 -0.000000
0.000000 0.000000 -0.000000
0.000000 0.000000 -0.000000
0.000000 0.000000 -0.000000
0.000000 0.000000 -0.000000
1.362000 1.026200 -0.362711
1.366000 0.966801 -0.363784
1.363000 0.902618 -0.363080
1.371000 0.845648 -0.365389
1.373000 0.784620 -0.366172
1.389000 0.730811 -0.370754
1.392000 0.669280 -0.371918
1.395000 0.607406 -0.373118
1.400000 0.545929 -0.374872
1.405000 0.483856 -0.376633
1.410000 0.421167 -0.378383
1.410000 0.356589 -0.378767
0.000000 -0.000000 -0.000000
0.819000 0.131827 -0.220378
0.817000 0.093829 -0.219975
0.814000 0.055890 -0.219263
0.817000 0.018324 -0.220125
0.823000 -0.019607 -0.221753
0.827000 -0.057948 -0.222799
0.841000 -0.097795 -0.226494
0.853000 -0.138563 -0.229609
0.000000 -0.000000 -0.000000
1.483000 -0.377438 -0.398603
1.494000 -0.448792 -0.401195
1.504000 -0.520654 -0.403486
1.509000 -0.591322 -0.404418
1.507000 -0.659257 -0.403477
1.509000 -0.728845 -0.403627
1.519000 -0.802791 -0.405950
1.525000 -0.875351 -0.407254
1.533000 -0.949761 -0.409158
1.545000 -1.027692 -0.412208
1.553000 -1.104079 -0.414282
1.574000 -1.191309 -0.419923
0.000000 -0.000000 -0.000000
0.000000 -0.000000 -0.000000
0.000000 -0.000000 -0.000000
0.000000 -0.000000 -0.000000
0.000000 0.000000 -0.000000
0.000000 0.000000 -0.000000
0.000000 0.000000 -0.000000
0.000000 0.000000 -0.000000
0.000000 0.000000 -0.000000
1.333000 1.004407 -0.416039
1.339000 0.947656 -0.417880
1.343000 0.889248 -0.419194
1.348000 0.831254 -0.420912
1.348000 0.770054 -0.421152
1.348000 0.708902 -0.421462
1.355000 0.651107 -0.424017
1.359000 0.591319 -0.425677
1.373000 0.534972 -0.430498
1.378000 0.474131 -0.432508
1.382000 0.412395 -0.434197
1.386000 0.350143 -0.435863
1.392000 0.287789 -0.438119
0.901000 0.144848 -0.283786
0.907000 0.104030 -0.285840
0.897000 0.061501 -0.282805
0.886000 0.019834 -0.279402
0.000000 -0.000000 -0.000000
1.414000 -0.098984 -0.445872
1.424000 -0.165419 -0.448887
1.436000 -0.233026 -0.452457
1.440000 -0.299972 -0.453437
1.448000 -0.368181 -0.455620
1.454000 -0.436391 -0.457128
1.455000 -0.503286 -0.457034
1.459000 -0.571319 -0.457871
1.466000 -0.640923 -0.459653
1.475000 -0.712054 -0.462084
1.483000 -0.783442 -0.464240
1.496000 -0.858445 -0.468019
1.505000 -0.932231 -0.470620
1.511000 -1.004986 -0.472374
1.515000 -1.077074 -0.473605
1.525000 -1.154339 -0.476821
0.000000 -0.000000 -0.000000
0.000000 -0.000000 -0.000000
0.000000 -0.000000 -0.000000
0.000000 -0.000000 -0.000000
0.000000 0.000000 -0.000000
0.000000 0.000000 -0.000000
0.000000 0.000000 -0.000000
0.000000 0.000000 -0.000000
0.000000 0.000000 -0.000000
1.295000 0.975879 -0.463523
1.302000 0.921475 -0.465945
1.308000 0.865981 -0.468113
1.309000 0.807022 -0.468590
1.315000 0.750940 -0.470947
1.328000 0.698052 -0.475894
1.325000 0.636310 -0.475171
1.333000 0.579588 -0.478442
1.343000 0.522844 -0.482464
1.346000 0.462682 -0.483986
1.349000 0.402125 -0.485504
1.351000 0.340910 -0.486639
1.359000 0.280621 -0.489898
1.359000 0.218190 -0.490223
1.373000 0.157257 -0.495535
1.379000 0.094403 -0.497890
1.379000 0.030805 -0.497999
1.390000 -0.033081 -0.501997
1.397000 -0.097695 -0.504467
1.400000 -0.162454 -0.505410
1.405000 -0.227748 -0.507000
1.414000 -0.294246 -0.509963
1.410000 -0.358162 -0.508182
1.415000 -0.424293 -0.509603
1.424000 -0.492150 -0.512437
1.426000 -0.557984 -0.512741
1.438000 -0.628283 -0.516648
1.447000 -0.698174 -0.519504
1.450000 -0.765701 -0.520253
1.459000 -0.836977 -0.523222
1.463000 -0.906068 -0.524483
1.470000 -0.977670 -0.526919
1.481000 -1.052966 -0.530900
1.475000 -1.116668 -0.528904
0.000000 -0.000000 -0.000000
0.000000 -0.000000 -0.000000
0.000000 -0.000000 -0.000000
0.000000 -0.000000 -0.000000
0.000000 0.000000 -0.000000
0.000000 0.000000 -0.000000
0.000000 0.000000 -0.000000
0.000000 0.000000 -0.000000
0.000000 0.000000 -0.000000
1.270000 0.957204 -0.512822
1.270000 0.898887 -0.512677
1.279000 0.846738 -0.516271
1.290000 0.795167 -0.520778
1.290000 0.736435 -0.520941
1.296000 0.680928 -0.523614
1.302000 0.624901 -0.526359
1.306000 0.567443 -0.528351
1.309000 0.509179 -0.529975
1.309000 0.449531 -0.530402
1.318000 0.392462 -0.534476
1.325000 0.333956 -0.537724
1.333000 0.274902 -0.541346
1.337000 0.214365 -0.543295
1.342000 0.153481 -0.545589
1.343000 0.091789 -0.546185
1.349000 0.030066 -0.548737
1.352000 -0.032162 -0.549985
1.357000 -0.094801 -0.551965
1.362000 -0.157870 -0.553864
1.371000 -0.221991 -0.557314
1.374000 -0.285616 -0.558258
1.382000 -0.350695 -0.561180
1.395000 -0.417907 -0.566088
1.399000 -0.483106 -0.567319
1.399000 -0.547020 -0.566924
1.400000 -0.611305 -0.566953
1.409000 -0.679506 -0.570256
1.419000 -0.749059 -0.574018
1.421000 -0.814987 -0.574618
1.431000 -0.886155 -0.578546
1.433000 -0.953076 -0.579347
1.443000 -1.026080 -0.583500
1.445000 -1.094206 -0.584541
0.000000 -0.000000 -0.000000
0.000000 -0.000000 -0.000000
0.000000 -0.000000 -0.000000
0.000000 -0.000000 -0.000000
0.000000 0.000000 -0.000000
0.000000 0.000000 -0.000000
0.000000 0.000000 -0.000000
0.000000 0.000000 -0.000000
0.000000 0.000000 -0.000000
1.246000 0.939347 -0.560344
1.252000 0.886273 -0.562824
1.252000 0.828882 -0.562715
1.260000 0.776590 -0.566309
1.263000 0.720843 -0.567758
1.266000 0.664907 -0.569298
1.268000 0.608259 -0.570466
1.272000 0.552300 -0.572594
1.282000 0.498275 -0.577468
1.289000 0.442249 -0.581018
1.296000 0.385504 -0.584576
1.300000 0.327273 -0.586769
1.302000 0.268167 -0.588029
1.308000 0.209427 -0.591052
1.313000 0.149942 -0.593566
1.313000 0.089590 -0.593751
1.322000 0.029394 -0.597931
1.325000 -0.031508 -0.599320
1.333000 -0.093034 -0.602890
1.342000 -0.155385 -0.606834
1.345000 -0.217546 -0.607994
1.348000 -0.279919 -0.609092
1.349000 -0.341986 -0.609239
1.352000 -0.404663 -0.610255
1.357000 -0.468230 -0.612156
1.363000 -0.532580 -0.614510
1.366000 -0.596126 -0.615534
1.379000 -0.664752 -0.621104
1.384000 -0.730367 -0.623133
1.392000 -0.798226 -0.626595
1.397000 -0.865075 -0.628806
1.400000 -0.931217 -0.630230
1.405000 -0.999269 -0.632675
1.404000 -1.063490 -0.632542
0.000000 -0.000000 -0.000000
0.000000 -0.000000 -0.000000
0.000000 -0.000000 -0.000000
0.000000 -0.000000 -0.000000
0.000000 0.000000 -0.000000
0.000000 0.000000 -0.000000
0.000000 0.000000 -0.000000
0.000000 0.000000 -0.000000
0.000000 0.000000 -0.000000
1.219000 0.919296 -0.604258
1.221000 0.864529 -0.604955
1.228000 0.813085 -0.608235
1.228000 0.756855 -0.608155
1.239000 0.707035 -0.613627
1.246000 0.654206 -0.617213
1.248000 0.598397 -0.618406
1.248000 0.541557 -0.618674
1.252000 0.486257 -0.620974
1.258000 0.431237 -0.624297
1.262000 0.375016 -0.626641
1.262000 0.317352 -0.626992
1.270000 0.261256 -0.631295
1.276000 0.204031 -0.634567
1.283000 0.146303 -0.638286
1.290000 0.087876 -0.641945
1.296000 0.028746 -0.645038
1.300000 -0.030908 -0.647063
1.302000 -0.090789 -0.648019
1.303000 -0.150718 -0.648407
1.310000 -0.211671 -0.651716
1.313000 -0.272386 -0.652980
1.319000 -0.334077 -0.655693
1.328000 -0.397154 -0.659869
1.337000 -0.460998 -0.664033
1.342000 -0.524060 -0.666218
1.342000 -0.585376 -0.665952
1.349000 -0.650071 -0.669211
1.351000 -0.712810 -0.670059
1.357000 -0.778107 -0.672980
1.363000 -0.844081 -0.676006
1.371000 -0.912105 -0.680140
1.378000 -0.980367 -0.683903
1.378000 -1.044214 -0.684312
0.000000 -0.000000 -0.000000
0.000000 -0.000000 -0.000000
0.000000 -0.000000 -0.000000
0.000000 -0.000000 -0.000000
