0.000000 0.000000 0.000000
0.000000 0.000000 0.000000
0.000000 0.000000 0.000000
0.000000 0.000000 0.000000
0.000000 0.000000 0.000000
2.241000 1.691444 1.252288
2.254000 1.597093 1.258760
2.271000 1.504537 1.267645
2.307000 1.422446 1.287325
2.316000 1.321907 1.292134
2.376000 1.247527 1.325587
2.381000 1.141443 1.328527
2.400000 1.041054 1.339428
2.481000 0.963020 1.385061
2.481000 0.849821 1.385569
1.612000 0.478567 0.900616
1.263000 0.317248 0.705917
1.081000 0.222092 0.604428
0.981000 0.156636 0.548705
0.906000 0.103146 0.506902
0.882000 0.059969 0.493582
0.892000 0.019723 0.499248
0.993000 -0.023616 0.555806
0.000000 -0.000000 0.000000
2.476000 -0.286134 1.385676
2.440000 -0.393886 1.365278
2.589000 -0.536617 1.448301
2.653000 -0.671414 1.483689
2.567000 -0.767168 1.435168
2.584000 -0.890486 1.444255
2.612000 -1.019622 1.459529
2.702000 -1.178369 1.509521
2.791000 -1.344938 1.559069
2.922000 -1.541960 1.632243
2.851000 -1.635351 1.592789
3.106000 -1.924509 1.735733
3.147000 -2.095099 1.759409
3.242000 -2.308410 1.813596
3.269000 -2.479498 1.830054
0.000000 -0.000000 0.000000
0.000000 -0.000000 0.000000
0.000000 -0.000000 0.000000
0.000000 -0.000000 0.000000
0.000000 0.000000 0.000000
0.000000 0.000000 0.000000
0.000000 0.000000 0.000000
0.000000 0.000000 0.000000
0.000000 0.000000 0.000000
2.271000 1.713276 1.164281
2.348000 1.663053 1.203097
2.307000 1.527958 1.181643
2.371000 1.461677 1.214178
2.386000 1.361832 1.221819
2.405000 1.262909 1.231697
2.445000 1.172441 1.252503
2.491000 1.080979 1.276532
2.518000 0.977932 1.290941
2.545000 0.872355 1.305431
1.693000 0.503034 0.868856
1.700000 0.427426 0.872894
1.068000 0.219657 0.548645
0.960000 0.153466 0.493372
0.873000 0.099521 0.448816
0.823000 0.056043 0.423220
0.825000 0.018287 0.424315
0.844000 -0.020070 0.434110
0.895000 -0.062404 0.460318
0.000000 -0.000000 0.000000
2.476000 -0.400027 1.272960
2.561000 -0.531232 1.316245
2.647000 -0.670380 1.359941
2.671000 -0.798755 1.371719
2.689000 -0.927159 1.380400
2.708000 -1.057528 1.389617
2.720000 -1.186550 1.395310
2.727000 -1.314287 1.398548
2.758000 -1.455427 1.414245
3.181000 -1.824411 1.631136
3.381000 -2.094369 1.733946
3.410000 -2.269348 1.749370
3.287000 -2.339349 1.687096
2.733000 -2.071808 1.403675
0.000000 -0.000000 0.000000
0.000000 -0.000000 0.000000
0.000000 -0.000000 0.000000
0.000000 -0.000000 0.000000
0.000000 0.000000 0.000000
0.000000 0.000000 0.000000
0.000000 0.000000 0.000000
0.000000 0.000000 0.000000
0.000000 0.000000 0.000000
2.371000 1.788032 1.106378
2.391000 1.693023 1.115203
2.405000 1.592592 1.121435
2.415000 1.488741 1.126012
2.481000 1.416194 1.156902
2.523000 1.325197 1.176795
2.567000 1.231426 1.197793
2.545000 1.105008 1.188126
2.567000 0.997642 1.199091
2.653000 0.910119 1.240034
1.743000 0.518380 0.815209
1.801000 0.453303 0.842853
0.000000 0.000000 0.000000
0.922000 0.147581 0.431947
0.851000 0.097150 0.398845
0.796000 0.054292 0.373178
0.775000 0.017220 0.363397
0.781000 -0.018574 0.366229
0.797000 -0.055617 0.373705
0.848000 -0.098170 0.397543
0.000000 -0.000000 0.000000
2.966000 -0.615807 1.389509
2.858000 -0.724434 1.338297
2.727000 -0.816124 1.276308
2.758000 -0.951576 1.290140
2.797000 -1.092874 1.307714
2.791000 -1.218024 1.304297
2.851000 -1.374429 1.331815
2.958000 -1.561186 1.381406
3.460000 -1.984430 1.615603
3.324000 -2.058791 1.552118
3.296000 -2.192924 1.539337
3.216000 -2.287986 1.502544
2.476000 -1.876131 1.157467
0.000000 -0.000000 0.000000
0.000000 -0.000000 0.000000
0.000000 -0.000000 0.000000
0.000000 -0.000000 0.000000
0.000000 0.000000 0.000000
0.000000 0.000000 0.000000
0.000000 0.000000 0.000000
0.000000 0.000000 0.000000
0.000000 0.000000 0.000000
2.405000 1.813135 1.011693
2.507000 1.774818 1.054226
2.539000 1.681203 1.067521
2.518000 1.552325 1.058746
2.528000 1.443307 1.063202
2.572000 1.351394 1.082139
2.635000 1.264660 1.109240
2.567000 1.115259 1.081306
2.589000 1.006962 1.091347
2.727000 0.936343 1.150375
1.823000 0.542726 0.769599
1.855000 0.467424 0.783666
0.000000 0.000000 0.000000
0.912000 0.146177 0.385754
0.844000 0.096492 0.357154
0.773000 0.052810 0.327218
0.742000 0.016527 0.314156
0.733000 -0.017437 0.310362
0.746000 -0.052107 0.315838
0.765000 -0.088653 0.323808
0.803000 -0.129993 0.339774
0.000000 -0.000000 0.000000
2.109000 -0.535082 0.891486
2.113000 -0.632909 0.892636
2.376000 -0.820393 1.003102
2.689000 -1.051344 1.134524
2.944000 -1.285452 1.241369
2.951000 -1.423178 1.243664
3.470000 -1.831858 1.461771
3.522000 -2.020207 1.483251
2.951000 -1.827721 1.242629
2.900000 -1.929164 1.221231
2.545000 -1.810133 1.072019
0.000000 -0.000000 0.000000
0.000000 -0.000000 0.000000
0.000000 -0.000000 0.000000
0.000000 -0.000000 0.000000
0.000000 -0.000000 0.000000
0.000000 0.000000 0.000000
0.000000 0.000000 0.000000
0.000000 0.000000 0.000000
0.000000 0.000000 0.000000
0.000000 0.000000 0.000000
2.491000 1.877562 0.933519
2.528000 1.789484 0.947144
2.556000 1.692471 0.957601
2.561000 1.579048 0.959642
2.612000 1.491668 0.979111
2.677000 1.407138 1.004012
2.671000 1.282639 1.002432
2.739000 1.190798 1.028743
2.739000 1.066168 1.029600
2.778000 0.954748 1.045158
0.000000 0.000000 0.000000
1.909000 0.481589 0.719407
0.000000 0.000000 0.000000
0.000000 0.000000 0.000000
0.814000 0.093198 0.307329
0.762000 0.052143 0.287801
0.718000 0.016029 0.271240
0.699000 -0.016635 0.264076
0.704000 -0.049222 0.265936
0.718000 -0.083296 0.271154
0.750000 -0.121545 0.283125
0.000000 -0.000000 0.000000
1.893000 -0.480753 0.713787
1.930000 -0.578616 0.727230
2.109000 -0.728789 0.794089
2.167000 -0.847843 0.815315
2.250000 -0.982995 0.845932
2.339000 -1.128539 0.878816
2.455000 -1.296444 0.921887
2.254000 -1.293133 0.846054
2.233000 -1.383108 0.837959
2.386000 -1.587138 0.895320
2.539000 -1.805548 0.952875
2.708000 -2.050613 1.016675
0.000000 -0.000000 0.000000
0.000000 -0.000000 0.000000
0.000000 -0.000000 0.000000
0.000000 -0.000000 0.000000
0.000000 0.000000 0.000000
0.000000 0.000000 0.000000
0.000000 0.000000 0.000000
0.000000 0.000000 0.000000
0.000000 0.000000 0.000000
2.348000 1.769513 0.772252
2.410000 1.705877 0.792520
2.420000 1.602527 0.795868
2.496000 1.539265 0.821103
2.561000 1.463009 0.842898
2.567000 1.349923 0.845429
2.601000 1.249745 0.857305
2.702000 1.175538 0.891388
2.746000 1.069774 0.906761
2.784000 0.957707 0.920197
1.972000 0.588316 0.652423
1.995000 0.503859 0.660621
0.000000 0.000000 0.000000
1.606000 0.258102 0.532603
0.805000 0.092298 0.267112
0.757000 0.051881 0.251284
0.691000 0.015459 0.229427
0.670000 -0.015953 0.222466
0.676000 -0.047312 0.224431
0.680000 -0.078973 0.225693
0.704000 -0.114213 0.233554
0.731000 -0.152242 0.242370
0.000000 -0.000000 0.000000
1.866000 -0.559939 0.617773
1.982000 -0.685466 0.655627
1.995000 -0.781110 0.659362
2.030000 -0.887421 0.670369
1.782000 -0.860217 0.588014
1.858000 -0.981542 0.612676
2.047000 -1.174667 0.674632
2.058000 -1.274873 0.678003
2.113000 -1.405552 0.695998
2.595000 -1.845180 0.854798
2.589000 -1.960105 0.853053
0.000000 -0.000000 0.000000
0.000000 -0.000000 0.000000
0.000000 -0.000000 0.000000
0.000000 -0.000000 0.000000
0.000000 0.000000 0.000000
0.000000 0.000000 0.000000
0.000000 0.000000 0.000000
0.000000 0.000000 0.000000
0.000000 0.000000 0.000000
2.241000 1.688717 0.634365
2.254000 1.595461 0.638004
2.307000 1.527868 0.653121
2.381000 1.468674 0.674341
2.381000 1.360645 0.674747
2.425000 1.275834 0.687746
2.496000 1.199985 0.708521
2.523000 1.098419 0.716900
2.578000 1.005128 0.733297
2.647000 0.911400 0.753722
2.445000 0.730156 0.696923
1.979000 0.500361 0.564641
1.695000 0.350738 0.484032
0.000000 0.000000 0.000000
0.768000 0.088172 0.219606
0.694000 0.047633 0.198530
0.674000 0.015109 0.192855
0.654000 -0.015580 0.187142
0.643000 -0.045045 0.183969
0.654000 -0.076032 0.187056
0.666000 -0.108160 0.190396
0.687000 -0.143221 0.196274
0.716000 -0.182190 0.204403
0.000000 -0.000000 0.000000
2.988000 -1.034215 0.851487
3.090000 -1.210698 0.879716
1.890000 -0.826723 0.537574
1.837000 -0.887213 0.522037
1.863000 -0.984569 0.529007
1.912000 -1.097503 0.542564
1.962000 -1.215606 0.556481
0.000000 -0.000000 0.000000
3.090000 -2.197050 0.876112
2.958000 -2.239158 0.838836
0.000000 -0.000000 0.000000
0.000000 -0.000000 0.000000
0.000000 -0.000000 0.000000
0.000000 -0.000000 0.000000
0.000000 0.000000 0.000000
0.000000 0.000000 0.000000
0.000000 0.000000 0.000000
0.000000 0.000000 0.000000
0.000000 0.000000 0.000000
2.121000 1.598209 0.503246
2.140000 1.514824 0.507763
2.183000 1.445938 0.518104
2.233000 1.377706 0.530233
2.258000 1.290792 0.536545
2.280000 1.200078 0.542244
2.362000 1.136182 0.562308
2.391000 1.041624 0.569833
2.415000 0.942274 0.576208
2.455000 0.845995 0.586422
2.496000 0.746068 0.596876
2.601000 0.658276 0.622629
1.758000 0.364161 0.421221
0.000000 0.000000 0.000000
0.695000 0.079887 0.166759
0.677000 0.046527 0.162513
0.658000 0.014776 0.157991
0.639000 -0.015230 0.153437
0.622000 -0.043613 0.149333
0.629000 -0.073195 0.150962
0.634000 -0.103061 0.152082
0.653000 -0.136259 0.156533
0.678000 -0.172672 0.162392
0.000000 -0.000000 0.000000
1.992000 -0.689991 0.476197
1.979000 -0.775912 0.472600
1.972000 -0.863090 0.470444
1.985000 -0.959155 0.473082
2.006000 -1.060551 0.477663
2.016000 -1.157530 0.479682
2.758000 -1.709104 0.655848
2.879000 -1.915367 0.684361
2.944000 -2.093230 0.699706
2.966000 -2.245009 0.705004
0.000000 -0.000000 0.000000
0.000000 -0.000000 0.000000
0.000000 -0.000000 0.000000
0.000000 -0.000000 0.000000
0.000000 0.000000 0.000000
0.000000 0.000000 0.000000
0.000000 0.000000 0.000000
0.000000 0.000000 0.000000
0.000000 0.000000 0.000000
2.023000 1.524331 0.387358
2.026000 1.434206 0.387966
2.087000 1.382541 0.399784
2.109000 1.301492 0.404230
2.140000 1.223719 0.410492
2.179000 1.147377 0.418371
2.199000 1.058292 0.422668
2.254000 0.982504 0.433746
2.302000 0.898773 0.443519
2.367000 0.816266 0.456595
2.376000 0.710768 0.458868
2.410000 0.610465 0.465941
0.000000 0.000000 0.000000
0.000000 0.000000 0.000000
0.702000 0.080775 0.136056
0.664000 0.045685 0.128751
0.645000 0.014505 0.125099
0.630000 -0.015023 0.122196
0.612000 -0.042946 0.118686
0.611000 -0.071160 0.118449
0.614000 -0.099893 0.118965
0.630000 -0.131566 0.121977
0.650000 -0.165669 0.125740
0.000000 -0.000000 0.000000
0.000000 -0.000000 0.000000
1.989000 -0.780294 0.383554
2.016000 -0.882804 0.388333
2.072000 -1.001632 0.398698
2.098000 -1.109583 0.403311
0.000000 -0.000000 0.000000
2.739000 -1.697641 0.525743
2.702000 -1.797789 0.518403
2.907000 -2.066963 0.557609
2.966000 -2.244887 0.568943
0.000000 -0.000000 0.000000
0.000000 -0.000000 0.000000
0.000000 -0.000000 0.000000
0.000000 -0.000000 0.000000
0.000000 0.000000 0.000000
0.000000 0.000000 0.000000
0.000000 0.000000 0.000000
0.000000 0.000000 0.000000
0.000000 0.000000 0.000000
1.899000 1.430890 0.276671
1.837000 1.300488 0.267675
1.999000 1.324411 0.291396
1.798000 1.109787 0.262262
1.985000 1.135388 0.289782
2.087000 1.099306 0.304981
2.113000 1.017320 0.309133
2.128000 0.928024 0.311710
2.167000 0.846523 0.317825
2.216000 0.764654 0.325422
2.254000 0.674717 0.331406
0.000000 0.000000 0.000000
2.316000 0.480555 0.341250
0.000000 0.000000 0.000000
0.698000 0.080383 0.103004
0.648000 0.044625 0.095672
0.632000 0.014230 0.093334
0.619000 -0.014767 0.091419
0.602000 -0.042272 0.088894
0.601000 -0.070043 0.088712
0.603000 -0.098171 0.088957
0.617000 -0.128937 0.090953
0.632000 -0.161184 0.093080
0.662000 -0.199249 0.097399
0.000000 -0.000000 0.000000
0.000000 -0.000000 0.000000
2.019000 -0.884500 0.296037
2.062000 -0.997165 0.302005
2.113000 -1.117853 0.309157
2.831000 -1.626294 0.413837
2.752000 -1.705977 0.401996
2.733000 -1.818589 0.399014
3.090000 -2.197147 0.451010
3.003000 -2.272821 0.438303
0.000000 -0.000000 0.000000
0.000000 -0.000000 0.000000
0.000000 -0.000000 0.000000
0.000000 -0.000000 0.000000
0.000000 0.000000 0.000000
0.000000 0.000000 0.000000
0.000000 0.000000 0.000000
0.000000 0.000000 0.000000
0.000000 0.000000 0.000000
1.837000 1.384177 0.183539
1.878000 1.329579 0.187665
1.890000 1.252319 0.188944
1.818000 1.122302 0.181867
1.924000 1.100723 0.192640
1.992000 1.049536 0.199657
2.006000 0.966104 0.201297
2.037000 0.888660 0.204666
2.083000 0.814042 0.209560
2.113000 0.729443 0.212853
2.121000 0.635219 0.213925
2.009000 0.509522 0.202863
2.216000 0.460066 0.223996
2.121000 0.342492 0.214581
0.000000 0.000000 0.000000
0.635000 0.043759 0.064318
0.623000 0.014040 0.063120
0.611000 -0.014580 0.061907
0.600000 -0.042152 0.060783
0.591000 -0.068914 0.059848
0.598000 -0.097407 0.060521
0.611000 -0.127748 0.061789
0.622000 -0.158709 0.062843
0.645000 -0.194219 0.065099
0.699000 -0.242513 0.070468
0.000000 -0.000000 0.000000
2.250000 -0.986022 0.226291
2.212000 -1.070004 0.222214
2.307000 -1.220768 0.231511
2.778000 -1.596135 0.278516
2.784000 -1.726036 0.278906
2.851000 -1.897255 0.285461
3.050000 -2.168768 0.305293
3.066000 -2.320464 0.306881
0.000000 -0.000000 0.000000
0.000000 -0.000000 0.000000
0.000000 -0.000000 0.000000
0.000000 -0.000000 0.000000
0.000000 0.000000 0.000000
0.000000 0.000000 0.000000
0.000000 0.000000 0.000000
0.000000 0.000000 0.000000
0.000000 0.000000 0.000000
1.777000 1.338969 0.096193
1.801000 1.275105 0.097505
1.818000 1.204688 0.098464
1.835000 1.132906 0.099449
1.872000 1.071114 0.101541
1.902000 1.002282 0.103275
1.918000 0.923905 0.104266
1.953000 0.852209 0.106302
1.985000 0.775944 0.108183
2.006000 0.692704 0.109469
2.037000 0.610253 0.111299
2.087000 0.529484 0.114162
2.113000 0.438840 0.115704
2.117000 0.341976 0.116024
0.000000 0.000000 0.000000
0.642000 0.044261 0.035227
0.615000 0.013867 0.033755
0.606000 -0.014464 0.033262
0.594000 -0.041744 0.032598
0.589000 -0.068703 0.032311
0.595000 -0.096950 0.032621
0.607000 -0.126952 0.033253
0.622000 -0.158757 0.034044
0.642000 -0.193371 0.035101
0.691000 -0.239800 0.037738
0.000000 -0.000000 0.000000
2.727000 -1.195308 0.148578
2.746000 -1.328552 0.149442
2.838000 -1.501972 0.154286
2.733000 -1.570460 0.148441
2.708000 -1.679054 0.146974
2.838000 -1.888698 0.153949
2.944000 -2.093434 0.159654
3.050000 -2.308331 0.165400
0.000000 -0.000000 0.000000
0.000000 -0.000000 0.000000
0.000000 -0.000000 0.000000
0.000000 -0.000000 0.000000
0.000000 0.000000 0.000000
0.000000 0.000000 0.000000
0.000000 0.000000 0.000000
0.000000 0.000000 0.000000
0.000000 0.000000 0.000000
1.703000 1.283204 0.014226
1.722000 1.219183 0.014376
1.735000 1.149713 0.014480
1.766000 1.090344 0.014739
1.798000 1.028823 0.015010
1.807000 0.952280 0.015093
1.829000 0.881100 0.015287
1.872000 0.816937 0.015659
1.896000 0.741229 0.015874
1.921000 0.663427 0.016098
1.943000 0.582164 0.016297
1.989000 0.504688 0.016698
2.016000 0.418754 0.016938
2.058000 0.332495 0.017303
0.000000 0.000000 0.000000
0.000000 -0.000000 -0.000000
0.611000 0.013780 0.005143
0.603000 -0.014394 0.005076
0.595000 -0.041819 0.005008
0.591000 -0.068945 0.004973
0.599000 -0.097615 0.005038
0.611000 -0.127804 0.005136
0.628000 -0.160308 0.005275
0.651000 -0.196104 0.005464
0.691000 -0.239825 0.005795
0.000000 -0.000000 0.000000
2.550000 -1.117815 0.021351
2.589000 -1.252678 0.021663
2.695000 -1.426370 0.022537
2.739000 -1.573974 0.022897
2.791000 -1.730567 0.023328
2.886000 -1.920672 0.024125
2.944000 -2.093440 0.024619
3.011000 -2.278793 0.025198
0.000000 -0.000000 0.000000
0.000000 -0.000000 0.000000
0.000000 -0.000000 0.000000
0.000000 -0.000000 0.000000
0.000000 0.000000 -0.000000
0.000000 0.000000 -0.000000
0.000000 0.000000 -0.000000
0.000000 0.000000 -0.000000
0.000000 0.000000 -0.000000
1.637000 1.233458 -0.061264
1.648000 1.166769 -0.061704
1.662000 1.101312 -0.062273
1.695000 1.046476 -0.063569
1.720000 0.984154 -0.064580
1.733000 0.913242 -0.065152
1.764000 0.849744 -0.066410
1.793000 0.782417 -0.067601
1.809000 0.707173 -0.068305
1.843000 0.636446 -0.069691
1.872000 0.560850 -0.070886
1.899000 0.481814 -0.072001
1.934000 0.401689 -0.073411
1.953000 0.315504 -0.074203
1.982000 0.228505 -0.075362
0.000000 -0.000000 -0.000000
0.608000 0.013711 -0.023137
0.601000 -0.014345 -0.022872
0.600000 -0.042168 -0.022829
0.596000 -0.069523 -0.022667
0.606000 -0.098748 -0.023033
0.619000 -0.129468 -0.023507
0.639000 -0.163104 -0.024241
0.664000 -0.200007 -0.025160
0.706000 -0.245016 -0.026717
0.000000 -0.000000 -0.000000
2.455000 -1.076115 -0.092651
2.496000 -1.207624 -0.094071
2.534000 -1.341104 -0.095380
2.572000 -1.477956 -0.096697
2.630000 -1.630692 -0.098777
2.752000 -1.831453 -0.103274
2.784000 -1.979634 -0.104412
2.831000 -2.142543 -0.106138
0.000000 -0.000000 -0.000000
0.000000 -0.000000 -0.000000
0.000000 -0.000000 -0.000000
0.000000 -0.000000 -0.000000
0.000000 0.000000 -0.000000
0.000000 0.000000 -0.000000
0.000000 0.000000 -0.000000
0.000000 0.000000 -0.000000
0.000000 0.000000 -0.000000
1.574000 1.185965 -0.130957
1.582000 1.119993 -0.131667
1.606000 1.064131 -0.133743
1.639000 1.011806 -0.136603
1.646000 0.941698 -0.137326
1.662000 0.875698 -0.138825
1.693000 0.815401 -0.141599
1.720000 0.750413 -0.144055
1.738000 0.679266 -0.145767
1.764000 0.609016 -0.148153
1.798000 0.538537 -0.151208
1.818000 0.461132 -0.153078
1.829000 0.379766 -0.154171
1.878000 0.303292 -0.158447
1.902000 0.219208 -0.160589
0.000000 0.000000 -0.000000
0.605000 0.013637 -0.051122
0.606000 -0.014462 -0.051209
0.606000 -0.042578 -0.051199
0.609000 -0.071020 -0.051432
0.620000 -0.101001 -0.052328
0.634000 -0.132570 -0.053466
0.656000 -0.167401 -0.055267
0.683000 -0.205680 -0.057477
0.724000 -0.251206 -0.060853
0.000000 -0.000000 -0.000000
2.280000 -0.999223 -0.191146
2.357000 -1.140191 -0.197351
2.400000 -1.270014 -0.200713
2.420000 -1.390460 -0.202170
2.470000 -1.531359 -0.206160
2.539000 -1.689604 -0.211770
2.589000 -1.840913 -0.215838
2.659000 -2.012350 -0.221626
0.000000 -0.000000 -0.000000
0.000000 -0.000000 -0.000000
0.000000 -0.000000 -0.000000
0.000000 -0.000000 -0.000000
0.000000 0.000000 -0.000000
0.000000 0.000000 -0.000000
0.000000 0.000000 -0.000000
0.000000 0.000000 -0.000000
0.000000 0.000000 -0.000000
1.515000 1.141484 -0.195396
1.531000 1.083818 -0.197511
1.547000 1.024927 -0.199678
1.567000 0.967210 -0.202411
1.580000 0.903759 -0.204284
1.606000 0.845984 -0.207877
1.630000 0.784830 -0.211245
1.648000 0.718760 -0.213858
1.664000 0.650100 -0.216225
1.705000 0.588402 -0.221848
1.722000 0.515541 -0.224347
1.733000 0.439359 -0.226048
1.766000 0.366497 -0.230595
1.798000 0.290215 -0.234982
1.812000 0.208716 -0.236979
0.000000 0.000000 -0.000000
0.000000 -0.000000 -0.000000
0.612000 -0.014601 -0.080105
0.616000 -0.043261 -0.080615
0.622000 -0.072502 -0.081368
0.637000 -0.103722 -0.083280
0.657000 -0.137316 -0.085827
0.682000 -0.173959 -0.089008
0.715000 -0.215228 -0.093214
0.000000 -0.000000 -0.000000
0.000000 -0.000000 -0.000000
2.195000 -0.961677 -0.285124
2.224000 -1.075568 -0.288544
2.254000 -1.192491 -0.292108
2.293000 -1.317256 -0.296865
2.371000 -1.469786 -0.306708
2.400000 -1.596964 -0.310263
2.425000 -1.724221 -0.313370
2.507000 -1.897304 -0.323919
0.000000 -0.000000 -0.000000
0.000000 -0.000000 -0.000000
0.000000 -0.000000 -0.000000
0.000000 -0.000000 -0.000000
0.000000 0.000000 -0.000000
0.000000 0.000000 -0.000000
0.000000 0.000000 -0.000000
0.000000 0.000000 -0.000000
0.000000 0.000000 -0.000000
1.463000 1.102283 -0.255656
1.477000 1.045511 -0.258152
1.504000 0.996302 -0.262987
1.513000 0.933692 -0.264739
1.531000 0.875497 -0.268122
1.543000 0.812529 -0.270504
1.569000 0.755161 -0.275383
1.584000 0.690531 -0.278361
1.610000 0.628679 -0.283293
1.634000 0.563578 -0.287883
1.648000 0.493080 -0.290705
1.671000 0.423358 -0.295097
1.708000 0.354208 -0.301937
1.720000 0.277416 -0.304319
1.727000 0.198768 -0.305766
0.000000 0.000000 -0.000000
0.000000 -0.000000 -0.000000
0.623000 -0.014857 -0.110391
0.631000 -0.044287 -0.111789
0.641000 -0.074668 -0.113518
0.666000 -0.108374 -0.117877
0.690000 -0.144123 -0.122033
0.715000 -0.182267 -0.126340
0.760000 -0.228645 -0.134153
0.000000 -0.000000 -0.000000
2.040000 -0.800394 -0.359273
2.087000 -0.913979 -0.367120
2.121000 -1.025387 -0.372678
2.132000 -1.127610 -0.374218
2.179000 -1.251473 -0.382114
2.224000 -1.378423 -0.389710
2.250000 -1.496989 -0.394046
2.307000 -1.640237 -0.403897
2.362000 -1.787575 -0.413496
0.000000 -0.000000 -0.000000
0.000000 -0.000000 -0.000000
0.000000 -0.000000 -0.000000
0.000000 -0.000000 -0.000000
0.000000 0.000000 -0.000000
0.000000 0.000000 -0.000000
0.000000 0.000000 -0.000000
0.000000 0.000000 -0.000000
0.000000 0.000000 -0.000000
1.407000 1.060085 -0.310277
1.426000 1.009332 -0.314502
1.447000 0.958395 -0.319247
1.457000 0.898921 -0.321642
1.481000 0.846636 -0.327197
1.498000 0.788516 -0.331267
1.509000 0.725932 -0.334059
1.531000 0.667052 -0.339324
1.553000 0.606036 -0.344615
1.569000 0.540777 -0.348584
1.584000 0.473566 -0.352325
1.610000 0.407564 -0.358495
1.625000 0.336697 -0.362185
1.648000 0.265554 -0.367612
1.671000 0.192131 -0.372985
0.000000 0.000000 -0.000000
0.000000 -0.000000 -0.000000
0.643000 -0.015327 -0.143635
0.653000 -0.045796 -0.145846
0.665000 -0.077401 -0.148473
0.692000 -0.112514 -0.154417
0.718000 -0.149854 -0.160104
0.750000 -0.191047 -0.167095
0.804000 -0.241713 -0.178952
0.000000 -0.000000 -0.000000
1.953000 -0.765816 -0.433760
1.975000 -0.864489 -0.438166
2.009000 -0.970819 -0.445242
2.037000 -1.076980 -0.451012
2.094000 -1.202320 -0.463244
2.102000 -1.302550 -0.464702
2.132000 -1.418310 -0.471114
2.208000 -1.569780 -0.487790
2.241000 -1.696044 -0.495083
0.000000 -0.000000 -0.000000
0.000000 -0.000000 -0.000000
0.000000 -0.000000 -0.000000
0.000000 -0.000000 -0.000000
0.000000 0.000000 -0.000000
0.000000 0.000000 -0.000000
0.000000 0.000000 -0.000000
0.000000 0.000000 -0.000000
0.000000 0.000000 -0.000000
1.374000 1.035241 -0.365907
1.387000 0.981664 -0.369377
1.395000 0.923809 -0.371605
1.410000 0.869704 -0.375783
1.427000 0.815479 -0.380573
1.447000 0.761328 -0.386235
1.461000 0.702456 -0.390354
1.481000 0.644852 -0.396120
1.505000 0.586874 -0.402988
1.513000 0.521049 -0.405584
1.533000 0.457907 -0.411391
1.553000 0.392754 -0.417181
1.569000 0.324757 -0.421862
1.590000 0.255927 -0.427839
1.612000 0.185132 -0.434026
0.000000 0.000000 -0.000000
0.655000 0.014691 -0.176477
0.667000 -0.015891 -0.179720
0.683000 -0.047858 -0.184004
0.701000 -0.081515 -0.188790
0.730000 -0.118582 -0.196500
0.760000 -0.158477 -0.204438
0.800000 -0.203608 -0.215025
0.000000 -0.000000 -0.000000
1.835000 -0.635239 -0.492285
1.852000 -0.725731 -0.496344
1.893000 -0.828117 -0.506823
1.924000 -0.929289 -0.514631
1.953000 -1.032159 -0.521936
1.975000 -1.133652 -0.527427
2.006000 -1.242805 -0.535401
2.030000 -1.350301 -0.541606
2.091000 -1.486561 -0.557800
2.124000 -1.607586 -0.566656
0.000000 -0.000000 -0.000000
0.000000 -0.000000 -0.000000
0.000000 -0.000000 -0.000000
0.000000 -0.000000 -0.000000
0.000000 0.000000 -0.000000
0.000000 0.000000 -0.000000
0.000000 0.000000 -0.000000
0.000000 0.000000 -0.000000
0.000000 0.000000 -0.000000
1.322000 0.996118 -0.412605
1.342000 0.949779 -0.418816
1.357000 0.898518 -0.423564
1.363000 0.840504 -0.425596
1.387000 0.792333 -0.433337
1.397000 0.734671 -0.436782
1.405000 0.675133 -0.439664
1.433000 0.623517 -0.448856
1.448000 0.564194 -0.454013
1.455000 0.500625 -0.456676
1.481000 0.441937 -0.465301
1.505000 0.380206 -0.473285
1.515000 0.313219 -0.476832
1.527000 0.245486 -0.480956
1.539000 0.176518 -0.485014
0.000000 0.000000 -0.000000
0.685000 0.015334 -0.216016
0.699000 -0.016644 -0.220442
0.717000 -0.050192 -0.226089
0.734000 -0.085265 -0.231379
0.768000 -0.124627 -0.241982
0.799000 -0.166443 -0.251595
0.857000 -0.217908 -0.269659
0.000000 -0.000000 -0.000000
1.756000 -0.607402 -0.551582
1.798000 -0.704066 -0.564258
1.812000 -0.792191 -0.568139
1.826000 -0.881498 -0.572044
1.866000 -0.985773 -0.584135
1.899000 -1.089697 -0.594096
1.905000 -1.180001 -0.595702
1.972000 -1.311603 -0.616493
1.992000 -1.416192 -0.622720
2.016000 -1.525998 -0.630342
0.000000 -0.000000 -0.000000
0.000000 -0.000000 -0.000000
0.000000 -0.000000 -0.000000
0.000000 -0.000000 -0.000000
0.000000 0.000000 -0.000000
0.000000 0.000000 -0.000000
0.000000 0.000000 -0.000000
0.000000 0.000000 -0.000000
0.000000 0.000000 -0.000000
1.288000 0.970604 -0.461017
1.297000 0.917936 -0.464156
1.315000 0.870616 -0.470618
1.328000 0.818736 -0.475391
1.343000 0.766930 -0.480975
1.346000 0.707514 -0.482344
1.366000 0.655999 -0.489875
1.386000 0.602632 -0.497464
1.392000 0.541920 -0.500067
1.404000 0.482619 -0.504842
1.438000 0.428655 -0.517535
1.447000 0.365135 -0.521218
1.454000 0.300237 -0.524144
1.481000 0.237777 -0.534231
1.166000 0.133548 -0.420826
0.000000 0.000000 -0.000000
0.718000 0.016039 -0.259292
0.732000 -0.017421 -0.264361
0.757000 -0.052939 -0.273358
0.785000 -0.091090 -0.283391
0.816000 -0.132272 -0.294457
0.854000 -0.177713 -0.307997
0.912000 -0.231662 -0.328696
0.000000 -0.000000 -0.000000
1.703000 -0.588575 -0.612837
1.722000 -0.673806 -0.619172
1.733000 -0.757173 -0.622637
1.764000 -0.851125 -0.633314
1.796000 -0.948413 -0.644396
1.812000 -1.039481 -0.649814
1.835000 -1.136456 -0.657844
1.875000 -1.247028 -0.672091
1.902000 -1.352289 -0.681817
1.902000 -1.439934 -0.682017
0.000000 -0.000000 -0.000000
0.000000 -0.000000 -0.000000
0.000000 -0.000000 -0.000000
0.000000 -0.000000 -0.000000
0.000000 0.000000 -0.000000
0.000000 0.000000 -0.000000
0.000000 0.000000 -0.000000
0.000000 0.000000 -0.000000
0.000000 0.000000 -0.000000
1.210000 0.911981 -0.488594
1.259000 0.891102 -0.508236
1.268000 0.839455 -0.511831
1.293000 0.797016 -0.521989
1.296000 0.739860 -0.523364
1.310000 0.688283 -0.529270
1.318000 0.632580 -0.532827
1.342000 0.583085 -0.542915
1.352000 0.525906 -0.547385
1.368000 0.469792 -0.554309
1.378000 0.410329 -0.558807
1.394000 0.351347 -0.565726
1.419000 0.292637 -0.576271
1.427000 0.228795 -0.579866
1.235000 0.141244 -0.502088
0.000000 0.000000 -0.000000
0.757000 0.016872 -0.307927
0.778000 -0.018507 -0.316486
0.800000 -0.055889 -0.325403
0.829000 -0.096090 -0.337117
0.876000 -0.141841 -0.356095
0.915000 -0.190203 -0.371766
0.000000 -0.000000 -0.000000
1.603000 -0.480219 -0.650494
1.632000 -0.563566 -0.661804
1.648000 -0.644381 -0.667828
1.669000 -0.728763 -0.675888
1.688000 -0.814056 -0.683174
1.720000 -0.907950 -0.695779
1.735000 -0.995076 -0.701592
1.785000 -1.105372 -0.721667
1.801000 -1.197829 -0.728126
1.818000 -1.292732 -0.735138
1.835000 -1.389528 -0.742307
0.000000 -0.000000 -0.000000
0.000000 -0.000000 -0.000000
0.000000 -0.000000 -0.000000
0.000000 -0.000000 -0.000000
0.000000 0.000000 -0.000000
0.000000 0.000000 -0.000000
0.000000 0.000000 -0.000000
0.000000 0.000000 -0.000000
0.000000 0.000000 -0.000000
1.209000 0.911453 -0.543704
1.216000 0.860790 -0.546640
1.231000 0.814979 -0.553276
1.243000 0.766113 -0.558669
1.263000 0.720843 -0.567758
1.276000 0.670159 -0.573795
1.290000 0.618813 -0.580364
1.302000 0.565326 -0.586099
1.305000 0.507214 -0.587828
1.319000 0.452542 -0.594541
1.348000 0.400972 -0.608031
1.352000 0.340363 -0.610240
1.368000 0.281761 -0.617837
1.337000 0.214071 -0.604156
1.394000 0.159192 -0.630183
0.000000 -0.000000 -0.000000
0.806000 0.017921 -0.364548
0.830000 -0.019737 -0.375423
0.855000 -0.059673 -0.386700
0.890000 -0.103050 -0.402446
0.000000 -0.000000 -0.000000
1.507000 -0.312937 -0.680936
1.523000 -0.386097 -0.687821
1.551000 -0.464225 -0.700077
1.571000 -0.542070 -0.708694
1.580000 -0.617371 -0.712345
1.610000 -0.702608 -0.725482
1.637000 -0.789122 -0.737308
1.653000 -0.872325 -0.744248
1.669000 -0.957069 -0.751284
1.710000 -1.058897 -0.769691
1.722000 -1.145397 -0.775183
1.740000 -1.237529 -0.783527
1.766000 -1.337694 -0.795633
0.000000 -0.000000 -0.000000
0.000000 -0.000000 -0.000000
0.000000 -0.000000 -0.000000
0.000000 -0.000000 -0.000000
0.000000 0.000000 -0.000000
0.000000 0.000000 -0.000000
0.000000 0.000000 -0.000000
0.000000 0.000000 -0.000000
0.000000 0.000000 -0.000000
1.177000 0.887622 -0.583439
1.188000 0.841164 -0.588605
1.205000 0.797857 -0.596843
1.216000 0.749459 -0.602212
1.219000 0.695622 -0.603721
1.234000 0.647905 -0.611269
1.254000 0.601274 -0.621379
1.255000 0.544594 -0.622144
1.274000 0.494801 -0.631886
1.296000 0.444263 -0.643155
1.297000 0.385417 -0.644020
1.306000 0.328416 -0.648852
1.322000 0.271953 -0.657143
1.342000 0.214584 -0.667389
1.354000 0.154399 -0.673608
0.000000 -0.000000 -0.000000
0.861000 0.019097 -0.428532
0.890000 -0.021160 -0.442989
0.899000 -0.062688 -0.447442
1.419000 -0.164136 -0.706131
1.450000 -0.234292 -0.721365
1.455000 -0.301845 -0.723599
1.470000 -0.372323 -0.730757
1.496000 -0.447396 -0.743346
1.513000 -0.521683 -0.751445
1.531000 -0.597866 -0.760045
1.551000 -0.676541 -0.769666
1.574000 -0.758497 -0.780829
1.582000 -0.834689 -0.784629
1.610000 -0.923178 -0.798451
1.639000 -1.015002 -0.812894
1.650000 -1.097720 -0.818550
1.678000 -1.193799 -0.832793
1.708000 -1.294279 -0.848190
0.000000 -0.000000 -0.000000
0.000000 -0.000000 -0.000000
0.000000 -0.000000 -0.000000
0.000000 -0.000000 -0.000000
