0.000000 0.000000 0.000000
0.000000 0.000000 0.000000
0.000000 0.000000 0.000000
0.000000 0.000000 0.000000
0.000000 0.000000 0.000000
3.535815 2.044888 2.766606
3.533283 1.927320 2.765277
3.550798 1.827486 2.779533
3.556192 1.716146 2.784009
3.561631 1.604507 2.788284
3.567111 1.492629 2.792363
3.589359 1.391273 2.809443
3.578171 1.268425 2.800009
3.579309 1.153886 2.800146
3.593750 1.046154 2.810651
3.599343 0.933792 2.814135
3.604934 0.821518 2.817600
3.610518 0.709347 2.821081
3.616088 0.597286 2.824608
3.621643 0.485327 2.828207
3.622671 0.372757 2.828362
3.628177 0.261182 2.832153
3.633664 0.149642 2.836057
3.639134 0.038110 2.840077
3.644590 -0.073443 2.844206
3.650034 -0.185041 2.848432
3.650893 -0.295992 2.849148
3.673750 -0.411069 2.867159
3.670935 -0.521402 2.865071
3.667161 -0.630658 2.862214
3.651331 -0.734715 2.849848
3.682677 -0.855791 2.874361
3.688150 -0.967573 2.878456
3.698297 -1.081576 2.886038
3.694477 -1.188097 2.882474
3.686883 -1.291167 2.875738
3.683931 -1.395667 2.872414
3.711052 -1.519987 2.892389
3.721313 -1.633396 2.898961
0.000000 0.000000 0.000000
0.000000 0.000000 0.000000
0.000000 0.000000 0.000000
0.000000 0.000000 0.000000
0.000000 0.000000 0.000000
0.000000 0.000000 0.000000
0.000000 0.000000 0.000000
0.000000 0.000000 0.000000
0.000000 0.000000 0.000000
3.713549 2.198570 2.774424
3.739434 2.097689 2.794151
3.754937 1.985244 2.806079
3.730917 1.839769 2.788935
3.742105 1.723390 2.797204
3.733005 1.592212 2.790442
3.748711 1.478197 2.801557
3.750257 1.354840 2.802175
3.775887 1.244560 2.820208
3.776582 1.120504 2.819984
3.788011 1.001590 2.827535
3.774284 0.873124 2.816784
3.784782 0.754401 2.823707
3.806133 0.638139 2.838596
3.806699 0.516164 2.838484
3.802671 0.394172 2.835170
3.814054 0.274842 2.843201
3.830007 0.155215 2.854709
3.805709 0.034664 2.837135
3.821624 -0.084991 2.848920
3.837575 -0.205742 2.860866
3.833275 -0.324473 2.858204
3.839090 -0.444364 2.862973
3.855100 -0.566963 2.875200
3.865590 -0.688988 2.883418
3.861208 -0.806257 2.880773
3.867060 -0.926668 2.885487
3.872927 -1.047042 2.890081
3.884441 -1.170139 2.898614
3.890357 -1.290505 2.902863
3.906664 -1.416826 2.914441
3.886174 -1.519969 2.898981
3.892099 -1.638542 2.902501
3.908482 -1.764426 2.913389
0.000000 0.000000 0.000000
0.000000 0.000000 0.000000
0.000000 0.000000 0.000000
0.000000 0.000000 0.000000
0.000000 0.000000 0.000000
0.000000 0.000000 0.000000
0.000000 0.000000 0.000000
0.000000 0.000000 0.000000
0.000000 0.000000 0.000000
3.860372 2.319737 2.742460
3.893843 2.218119 2.765969
3.939905 2.123609 2.797683
4.011962 2.044802 2.846589
3.929608 1.844859 2.791602
3.988665 1.750632 2.831279
3.995265 1.617665 2.835532
4.020720 1.495421 2.852267
3.978859 1.336325 2.823712
4.058441 1.238902 2.876544
3.986563 1.071644 2.827783
3.974975 0.934483 2.819482
3.958733 0.798013 2.808136
3.999732 0.678587 2.835241
4.012575 0.550085 2.843613
4.067534 0.427354 2.880348
4.042864 0.291943 2.863928
4.037331 0.160668 2.860505
4.105504 0.030323 2.906649
4.056532 -0.099944 2.874474
4.099963 -0.234398 2.904392
4.038564 -0.356459 2.864134
4.069043 -0.490714 2.885611
4.081897 -0.623043 2.895332
4.081684 -0.752187 2.896298
4.057990 -0.872494 2.881441
4.069905 -1.004252 2.890452
4.126177 -1.156593 2.929214
4.132618 -1.288780 2.934269
4.107813 -1.403645 2.918058
4.101871 -1.526486 2.914307
4.120639 -1.663707 2.926943
4.139483 -1.801704 2.939355
4.126826 -1.917095 2.930277
0.000000 0.000000 0.000000
0.000000 0.000000 0.000000
0.000000 0.000000 0.000000
0.000000 0.000000 0.000000
0.000000 0.000000 0.000000
0.000000 0.000000 0.000000
0.000000 0.000000 0.000000
0.000000 0.000000 0.000000
0.000000 0.000000 0.000000
3.829987 2.270617 2.586840
3.918739 2.220515 2.642460
4.088245 2.228454 2.747443
4.101268 2.095576 2.756207
4.148445 1.986514 2.785680
4.210257 1.882671 2.823910
4.224623 1.743364 2.832799
4.253507 1.611477 2.850440
4.282514 1.477415 2.868042
4.342517 1.355423 2.904609
4.268003 1.173500 2.858584
4.260611 1.024166 2.853813
4.163411 0.849587 2.794013
4.163847 0.710410 2.794257
4.253464 0.589746 2.849385
4.325943 0.458266 2.894182
4.340462 0.314699 2.903608
4.303078 0.168101 2.881362
4.302616 0.025788 2.881988
4.391522 -0.120789 2.937764
4.316461 -0.258415 2.892882
4.383270 -0.410019 2.935463
4.375295 -0.552462 2.932129
4.315513 -0.680478 2.896898
4.374215 -0.838037 2.934813
4.350949 -0.971984 2.922107
4.403345 -1.133435 2.956126
4.410392 -1.278962 2.961996
4.371764 -1.401693 2.939395
4.401644 -1.557284 2.959031
4.363738 -1.674539 2.936377
4.355359 -1.806079 2.931752
4.319046 -1.916470 2.909496
4.325894 -2.053986 2.913744
0.000000 0.000000 0.000000
0.000000 0.000000 0.000000
0.000000 0.000000 0.000000
0.000000 0.000000 0.000000
0.000000 0.000000 0.000000
0.000000 0.000000 0.000000
0.000000 0.000000 0.000000
0.000000 0.000000 0.000000
0.000000 0.000000 0.000000
3.827501 2.248313 2.452071
3.920454 2.202115 2.505175
4.088504 2.208225 2.599959
4.148414 2.112447 2.634344
4.281823 2.063548 2.709507
4.380604 1.977659 2.765186
4.468993 1.875461 2.814902
4.494087 1.729231 2.829157
4.553052 1.598458 2.862221
4.570176 1.443547 2.871887
4.641469 1.309693 2.911799
4.595312 1.128604 2.886205
4.666898 0.988454 2.926451
4.540906 0.793539 2.856506
4.424399 0.614436 2.791989
4.464277 0.470653 2.815014
4.625383 0.335069 2.906061
4.697565 0.180279 2.947673
4.667996 0.019713 2.932577
4.657925 -0.138313 2.928594
4.721121 -0.302472 2.965908
4.728937 -0.463732 2.972357
4.736747 -0.625245 2.978949
4.735081 -0.784634 2.980313
4.677343 -0.926435 2.950103
4.684989 -1.085027 2.956729
4.612492 -1.211804 2.918001
4.673547 -1.390708 2.954662
4.618861 -1.517391 2.925653
4.558132 -1.634702 2.892945
4.516365 -1.756480 2.870694
4.475346 -1.873720 2.848561
4.390550 -1.955963 2.801233
4.346079 -2.058583 2.776511
0.000000 0.000000 0.000000
0.000000 0.000000 0.000000
0.000000 0.000000 0.000000
0.000000 0.000000 0.000000
0.000000 0.000000 0.000000
0.000000 0.000000 0.000000
0.000000 0.000000 0.000000
0.000000 0.000000 0.000000
0.000000 0.000000 0.000000
3.938252 2.331542 2.376086
3.978839 2.233478 2.398048
4.045919 2.152935 2.433105
4.182364 2.118659 2.502803
4.288573 2.048482 2.557208
4.402631 1.972646 2.615427
4.534650 1.896245 2.682570
4.696681 1.823312 2.764739
4.865946 1.737924 2.850526
4.874662 1.563989 2.855522
5.038663 1.451957 2.938734
5.013431 1.259093 2.926749
5.033516 1.083461 2.937706
5.065726 0.910022 2.954941
5.110149 0.736907 2.978544
4.894469 0.523724 2.871040
4.809959 0.345163 2.829868
5.089947 0.191109 2.973254
5.098706 0.012258 2.979790
5.027093 -0.162115 2.945798
5.127521 -0.347055 2.999291
5.009928 -0.507445 2.942219
5.109742 -0.700144 2.995865
5.118380 -0.879053 3.003260
4.958670 -1.007648 2.924691
4.852828 -1.139098 2.873442
4.820466 -1.289005 2.859654
4.733019 -1.410651 2.817430
4.712738 -1.556356 2.809473
4.613940 -1.656846 2.760859
4.578692 -1.784424 2.744662
4.545203 -1.908753 2.729079
4.425744 -1.970196 2.668775
4.388752 -2.079366 2.650744
0.000000 0.000000 0.000000
0.000000 0.000000 0.000000
0.000000 0.000000 0.000000
0.000000 0.000000 0.000000
0.000000 0.000000 0.000000
0.000000 0.000000 0.000000
0.000000 0.000000 0.000000
0.000000 0.000000 0.000000
0.000000 0.000000 0.000000
3.956925 2.328177 2.248801
3.975044 2.210100 2.258755
4.102769 2.179467 2.317459
4.202803 2.114318 2.363730
4.362051 2.080743 2.436414
4.416370 1.962199 2.462059
4.489386 1.849900 2.495985
4.711545 1.812504 2.596791
4.798590 1.685960 2.636997
5.068095 1.632430 2.759247
5.148914 1.478476 2.796827
5.464407 1.397486 2.940176
5.532420 1.214200 2.972375
5.513411 1.004744 2.965542
5.523371 0.804083 2.971959
5.518199 0.601638 2.971758
5.528033 0.402240 2.978570
5.568149 0.204149 2.999355
5.489654 0.004137 2.966590
5.470690 -0.190826 2.961004
5.214898 -0.358003 2.847724
5.211332 -0.538872 2.849292
5.159762 -0.709127 2.829048
5.121365 -0.877261 2.814854
4.983526 -1.011432 2.755000
4.897156 -1.149812 2.718583
4.874241 -1.304542 2.711227
4.832766 -1.448289 2.695180
4.637423 -1.511876 2.607731
4.610754 -1.646994 2.597989
4.567330 -1.768916 2.580229
4.486464 -1.862104 2.544770
4.423844 -1.959039 2.517464
4.401244 -2.077981 2.508502
0.000000 0.000000 0.000000
0.000000 0.000000 0.000000
0.000000 0.000000 0.000000
0.000000 0.000000 0.000000
0.000000 0.000000 0.000000
0.000000 0.000000 0.000000
0.000000 0.000000 0.000000
0.000000 0.000000 0.000000
0.000000 0.000000 0.000000
3.998480 2.345609 2.130384
3.964498 2.181190 2.119241
4.109623 2.165044 2.178143
4.223238 2.109949 2.224692
4.330964 2.039093 2.268905
4.391059 1.926632 2.294316
4.486727 1.829782 2.333720
4.774650 1.828036 2.449162
4.874498 1.705285 2.490371
5.094572 1.626166 2.579325
5.189031 1.477229 2.618656
5.408026 1.361974 2.707644
5.547880 1.203459 2.765467
5.572078 1.005164 2.777481
5.612406 0.808887 2.796127
5.971004 0.653341 2.942288
5.808572 0.418332 2.880425
5.642408 0.200225 2.817040
5.621731 -0.002233 2.812114
5.678554 -0.206424 2.838592
5.254056 -0.363895 2.670922
5.213826 -0.539523 2.658213
5.138601 -0.703709 2.631349
5.043629 -0.855312 2.596397
4.922957 -0.989760 2.550828
4.931034 -1.156917 2.557687
4.888442 -1.304435 2.543770
4.817297 -1.434789 2.517972
4.686062 -1.528433 2.467178
4.615053 -1.641266 2.440866
4.500397 -1.721185 2.396198
4.562701 -1.900759 2.424518
4.538277 -2.026451 2.416699
4.521632 -2.154280 2.411860
0.000000 0.000000 0.000000
0.000000 0.000000 0.000000
0.000000 0.000000 0.000000
0.000000 0.000000 0.000000
0.000000 0.000000 0.000000
0.000000 0.000000 0.000000
0.000000 0.000000 0.000000
0.000000 0.000000 0.000000
0.000000 0.000000 0.000000
3.988782 2.316171 1.992190
4.018185 2.207440 2.004569
4.036634 2.086991 2.013136
4.271519 2.126375 2.095178
4.329797 2.018952 2.117275
4.435948 1.936726 2.155687
4.551027 1.849467 2.197209
4.768881 1.806337 2.274063
4.985900 1.741428 2.350878
5.144555 1.630264 2.407871
5.304872 1.505004 2.465665
5.567261 1.398927 2.559010
5.638076 1.214060 2.586443
5.616805 1.002298 2.582120
5.736566 0.819893 2.626963
5.984993 0.644308 2.717013
5.789622 0.407945 2.652516
5.688389 0.195132 2.620844
5.447875 -0.005346 2.540223
5.660987 -0.208940 2.619124
5.670814 -0.410460 2.626774
5.354655 -0.561740 2.519072
5.106021 -0.696108 2.434818
5.102799 -0.867899 2.437598
5.011605 -1.012823 2.408967
5.009079 -1.179355 2.411961
4.963332 -1.328277 2.399387
4.920304 -1.473599 2.387647
4.717300 -1.536463 2.317832
4.654676 -1.654491 2.298435
4.553097 -1.743294 2.264596
4.544365 -1.879861 2.264281
4.457922 -1.962356 2.235350
4.434892 -2.081259 2.229335
0.000000 0.000000 0.000000
0.000000 0.000000 0.000000
0.000000 0.000000 0.000000
0.000000 0.000000 0.000000
0.000000 0.000000 0.000000
0.000000 0.000000 0.000000
0.000000 0.000000 0.000000
0.000000 0.000000 0.000000
0.000000 0.000000 0.000000
4.048293 2.349257 1.876674
4.037028 2.203702 1.876251
4.215113 2.209434 1.929969
4.270626 2.106125 1.948666
4.328284 1.998964 1.967976
4.490554 1.952816 2.017587
4.581984 1.849390 2.046830
4.763579 1.785397 2.102436
4.892988 1.678920 2.143062
5.195773 1.634879 2.234693
5.281067 1.479411 2.262926
5.735938 1.438151 2.400262
5.651598 1.203070 2.379044
5.646333 0.996013 2.381200
5.883135 0.834541 2.455434
5.945658 0.628444 2.478222
5.870312 0.406096 2.459988
5.931974 0.196933 2.482881
5.665944 -0.012993 2.407285
5.485154 -0.201876 2.357034
5.522777 -0.396507 2.372792
5.316292 -0.556257 2.314382
5.213589 -0.717071 2.287322
5.128048 -0.872114 2.265358
4.929934 -0.985331 2.208563
4.948803 -1.154221 2.218413
4.875822 -1.288613 2.199794
4.815363 -1.421213 2.184872
4.703962 -1.522960 2.153824
4.632827 -1.635070 2.135074
4.479535 -1.692421 2.090198
4.573473 -1.888753 2.122959
4.470378 -1.960923 2.093342
4.455162 -2.085284 2.091302
0.000000 0.000000 0.000000
0.000000 0.000000 0.000000
0.000000 0.000000 0.000000
0.000000 0.000000 0.000000
0.000000 0.000000 0.000000
0.000000 0.000000 0.000000
0.000000 0.000000 0.000000
0.000000 0.000000 0.000000
0.000000 0.000000 0.000000
4.049491 2.329795 1.743338
4.061495 2.204681 1.749255
4.050065 2.060099 1.749609
4.284482 2.097057 1.807912
4.371761 2.009990 1.831751
4.512474 1.948124 1.868444
4.649105 1.870250 1.904395
4.787316 1.780237 1.940962
5.059702 1.741010 2.010179
5.222432 1.629089 2.053337
5.526793 1.555272 2.131316
5.750871 1.426685 2.190291
5.697575 1.201321 2.181622
5.691246 0.993376 2.184467
5.765132 0.801742 2.207222
6.012933 0.626785 2.273470
5.901079 0.400045 2.250454
5.963091 0.190939 2.270913
5.709788 -0.018705 2.212097
5.704945 -0.218793 2.215712
5.536131 -0.400000 2.177672
5.342889 -0.560996 2.133061
5.251266 -0.724005 2.114142
5.224423 -0.894234 2.111758
0.000000 0.000000 0.000000
4.982650 -1.161733 2.057881
4.879307 -1.284888 2.035091
4.791426 -1.404755 2.016089
4.717115 -1.522508 2.000414
4.680515 -1.652697 1.994501
4.539259 -1.718661 1.960548
4.476848 -1.819694 1.947269
4.460524 -1.944700 1.946125
4.445092 -2.067728 1.945074
0.000000 0.000000 0.000000
0.000000 0.000000 0.000000
0.000000 0.000000 0.000000
0.000000 0.000000 0.000000
0.000000 0.000000 0.000000
0.000000 0.000000 0.000000
0.000000 0.000000 0.000000
0.000000 0.000000 0.000000
0.000000 0.000000 0.000000
3.942097 2.214864 1.592111
4.092652 2.211156 1.622915
4.227854 2.180004 1.651241
4.304873 2.092930 1.669083
4.415550 2.021081 1.693353
4.534374 1.943598 1.719383
4.626972 1.839848 1.740701
4.811023 1.775287 1.779616
4.931546 1.663475 1.806770
5.300093 1.644950 1.882008
5.429005 1.502543 1.911614
5.685222 1.389752 1.966364
5.839762 1.225807 2.001749
5.737301 0.991075 1.986719
5.827240 0.801360 2.009702
6.026935 0.618295 2.054870
5.847596 0.387355 2.024278
5.760593 0.177473 2.011970
5.708546 -0.023814 2.006601
5.498465 -0.209627 1.968759
5.522570 -0.400669 1.978698
5.409079 -0.572052 1.960196
5.314895 -0.736358 1.945462
5.076967 -0.855788 1.900347
5.085269 -1.025532 1.906626
9.805973 -2.806058 2.913691
4.892529 -1.285182 1.874522
4.776885 -1.392710 1.853942
4.730140 -1.522179 1.847934
4.694251 -1.652463 1.844128
4.528727 -1.704621 1.811848
4.512410 -1.832925 1.811896
4.511212 -1.968760 1.815175
4.533374 -2.119851 1.823561
0.000000 0.000000 0.000000
0.000000 0.000000 0.000000
0.000000 0.000000 0.000000
0.000000 0.000000 0.000000
0.000000 0.000000 0.000000
0.000000 0.000000 0.000000
0.000000 0.000000 0.000000
0.000000 0.000000 0.000000
0.000000 0.000000 0.000000
4.051112 2.291012 1.481963
4.075473 2.177754 1.488940
4.275395 2.197418 1.519481
4.310917 2.078612 1.528334
4.413662 2.001555 1.546461
4.539928 1.929186 1.568107
4.676395 1.850621 1.591506
4.825056 1.765589 1.616976
5.110797 1.730570 1.662350
5.263036 1.612993 1.689278
5.402321 1.477094 1.714704
5.762418 1.399032 1.772830
5.648465 1.160278 1.761778
5.718939 0.974671 1.777906
5.874064 0.798314 1.806935
5.952141 0.598899 1.824641
5.894471 0.382797 1.821725
5.838456 0.173250 1.818890
5.692011 -0.028653 1.801794
5.390988 -0.206386 1.760003
5.387042 -0.388061 1.764496
5.422944 -0.575124 1.775337
5.316058 -0.736252 1.763263
5.068407 -0.852197 1.728045
0.000000 0.000000 0.000000
2.562795 -0.329822 1.323975
0.000000 0.000000 0.000000
2.530391 -0.415623 1.321355
2.531801 -0.464508 1.322949
2.533208 -0.513329 1.324539
4.696951 -1.792566 1.696772
4.502262 -1.818062 1.667215
4.516289 -1.962607 1.673433
4.500598 -2.086376 1.674442
0.000000 0.000000 0.000000
0.000000 0.000000 0.000000
0.000000 0.000000 0.000000
0.000000 0.000000 0.000000
0.000000 0.000000 0.000000
0.000000 0.000000 0.000000
0.000000 0.000000 0.000000
0.000000 0.000000 0.000000
0.000000 0.000000 0.000000
2.866425 1.245096 1.257631
2.862130 1.170172 1.259467
2.820353 1.067162 1.258137
2.815908 0.995200 1.259894
2.800814 0.916894 1.260707
2.783695 0.839208 1.261290
0.000000 0.000000 0.000000
4.601774 1.635156 1.433357
4.652086 1.502785 1.442992
4.182042 1.152766 1.403053
3.806639 0.884296 1.370801
2.682726 0.418759 1.263586
2.675704 0.358699 1.264703
2.668630 0.299732 1.265772
2.648661 0.239646 1.265470
2.638487 0.183010 1.266111
2.633215 0.128018 1.267222
2.611989 0.073333 1.266587
2.610599 0.020510 1.268030
2.593203 -0.030966 1.267691
2.584737 -0.081658 1.268286
2.578235 -0.131747 1.269066
2.561636 -0.179090 1.268665
2.545966 -0.225049 1.268317
2.539319 -0.272142 1.268975
2.524532 -0.315778 1.268648
2.507642 -0.357157 1.268025
2.497793 -0.399915 1.268207
2.488911 -0.442093 1.268480
2.491227 -0.489125 1.270112
2.506865 -0.543685 1.273413
2.518449 -0.596889 1.276245
2.536244 -0.654864 1.279899
4.417583 -2.018098 1.523776
0.000000 0.000000 0.000000
0.000000 0.000000 0.000000
0.000000 0.000000 0.000000
0.000000 0.000000 0.000000
0.000000 0.000000 0.000000
0.000000 0.000000 0.000000
0.000000 0.000000 0.000000
0.000000 0.000000 0.000000
0.000000 0.000000 0.000000
2.828257 1.201852 1.188227
2.818964 1.125426 1.190198
2.788339 1.033890 1.191405
2.777915 0.959893 1.193286
2.763539 0.884596 1.194992
2.741284 0.806284 1.196336
2.734528 0.739171 1.198264
2.714994 0.666682 1.199597
2.706139 0.601438 1.201341
2.698204 0.537899 1.203081
2.677396 0.470989 1.204134
2.665363 0.409272 1.205539
2.644342 0.346794 1.206399
2.640081 0.290329 1.208072
2.619867 0.231978 1.208804
2.611512 0.177300 1.210123
2.602108 0.123629 1.211322
2.585639 0.070902 1.212032
2.584147 0.019643 1.213595
2.573586 -0.030703 1.214549
2.559946 -0.079583 1.215248
2.548263 -0.127393 1.216015
2.534497 -0.173611 1.216590
2.532850 -0.221488 1.217951
2.517963 -0.265249 1.218360
2.506064 -0.308585 1.218936
0.000000 0.000000 0.000000
2.488236 -0.394278 1.220427
2.483358 -0.437628 1.221445
2.474329 -0.478202 1.222133
2.468340 -0.519457 1.223044
2.466445 -0.562400 1.224277
2.470739 -0.608898 1.226021
0.000000 0.000000 0.000000
0.000000 0.000000 0.000000
0.000000 0.000000 0.000000
0.000000 0.000000 0.000000
0.000000 0.000000 0.000000
0.000000 0.000000 0.000000
0.000000 0.000000 0.000000
0.000000 0.000000 0.000000
0.000000 0.000000 0.000000
0.000000 0.000000 0.000000
2.827212 1.190925 1.122877
2.808084 1.107295 1.125577
2.788855 1.025607 1.128254
2.777331 0.951407 1.130816
2.753014 0.870278 1.133477
2.740335 0.798856 1.135986
2.722660 0.726296 1.138481
2.711781 0.659281 1.140887
2.695890 0.591499 1.143248
2.684856 0.527668 1.145533
2.672758 0.464979 1.147748
2.659590 0.403569 1.149881
2.644350 0.343307 1.151917
2.633023 0.285719 1.153889
2.617623 0.228895 1.155740
2.606157 0.174312 1.157540
2.593623 0.121014 1.159245
2.588083 0.069314 1.160969
2.576449 0.018466 1.162537
2.564756 -0.031126 1.164030
2.550977 -0.079265 1.165412
2.540186 -0.126492 1.166785
2.532403 -0.173244 1.168168
2.522539 -0.218684 1.169458
2.513652 -0.263434 1.170728
2.496507 -0.304502 1.171745
2.484424 -0.345867 1.172850
2.473312 -0.386441 1.173950
2.468342 -0.428778 1.175214
2.462303 -0.469934 1.176441
2.462452 -0.513807 1.177874
2.454258 -0.552370 1.179032
2.452265 -0.593930 1.180413
0.000000 0.000000 0.000000
0.000000 0.000000 0.000000
0.000000 0.000000 0.000000
0.000000 0.000000 0.000000
0.000000 0.000000 0.000000
0.000000 0.000000 0.000000
0.000000 0.000000 0.000000
0.000000 0.000000 0.000000
0.000000 0.000000 0.000000
0.000000 0.000000 0.000000
2.844565 1.195673 1.057373
2.833125 1.117969 1.060667
2.820637 1.040716 1.064042
2.799226 0.958672 1.067939
2.789522 0.886523 1.071138
2.761973 0.805014 1.075292
2.755067 0.737822 1.078280
2.724289 0.659853 1.082434
2.713242 0.594132 1.085511
2.696142 0.527500 1.088801
2.685939 0.465376 1.091691
2.669662 0.402818 1.094757
2.656307 0.342971 1.097600
2.651931 0.286656 1.100002
2.631390 0.228488 1.102919
2.620852 0.173725 1.105365
2.606207 0.119941 1.107854
2.594535 0.067832 1.110147
2.577719 0.017120 1.112501
2.572040 -0.032618 1.114445
2.564290 -0.081455 1.116383
2.548309 -0.128167 1.118458
2.538415 -0.174560 1.120313
2.522300 -0.218427 1.122246
2.520548 -0.264956 1.123825
2.507415 -0.307397 1.125598
2.495253 -0.348928 1.127312
2.485106 -0.390106 1.128962
2.474902 -0.430202 1.130594
2.472983 -0.473475 1.132108
2.465812 -0.513411 1.133697
2.458590 -0.552415 1.135291
2.453414 -0.591801 1.136876
0.000000 0.000000 0.000000
0.000000 0.000000 0.000000
0.000000 0.000000 0.000000
0.000000 0.000000 0.000000
0.000000 0.000000 0.000000
0.000000 0.000000 0.000000
0.000000 0.000000 0.000000
0.000000 0.000000 0.000000
0.000000 0.000000 0.000000
0.000000 0.000000 0.000000
0.000000 0.000000 0.000000
0.000000 0.000000 0.000000
2.855700 1.057966 0.997349
2.840113 0.978871 1.001848
2.844280 0.914144 1.004312
2.817612 0.831117 1.009933
2.808744 0.760660 1.013717
2.782825 0.683071 1.019111
2.755765 0.607903 1.024494
2.758674 0.547620 1.026993
2.739444 0.479805 1.031456
2.726159 0.416041 1.035276
2.704714 0.351886 1.039685
2.697339 0.293046 1.042778
2.674693 0.232813 1.047022
2.666181 0.176625 1.049992
2.640289 0.120327 1.054214
2.635736 0.067146 1.056660
2.618870 0.014880 1.059940
2.608085 -0.036078 1.062666
2.597250 -0.085896 1.065306
2.579148 -0.133458 1.068367
2.567164 -0.180519 1.070919
2.556162 -0.226646 1.073337
2.550298 -0.273192 1.075369
2.529836 -0.314200 1.078289
2.512405 -0.354427 1.080957
2.504294 -0.396937 1.083020
2.491944 -0.436576 1.085321
2.487923 -0.479207 1.087133
2.484918 -0.521815 1.088906
2.465007 -0.553727 1.091611
2.452382 -0.588291 1.093910
0.000000 0.000000 0.000000
0.000000 0.000000 0.000000
0.000000 0.000000 0.000000
0.000000 0.000000 0.000000
0.000000 0.000000 0.000000
0.000000 0.000000 0.000000
0.000000 0.000000 0.000000
0.000000 0.000000 0.000000
0.000000 0.000000 0.000000
0.000000 0.000000 0.000000
4.096262 2.214366 0.733063
4.187710 2.156559 0.724236
4.277562 2.088726 0.716207
4.388729 2.026865 0.705514
4.499367 1.954188 0.695533
4.678567 1.911325 0.676137
4.784258 1.812401 0.668224
4.916533 1.717099 0.657072
5.069520 1.619197 0.643639
5.166549 1.485900 0.638534
5.329798 1.367408 0.624849
5.350595 1.192450 0.630658
5.515910 1.053032 0.617536
5.895030 0.943175 0.577484
5.889515 0.738735 0.587347
6.191205 0.570537 0.558760
0.000000 0.000000 0.000000
0.000000 0.000000 0.000000
0.000000 0.000000 0.000000
0.000000 0.000000 0.000000
0.000000 0.000000 0.000000
2.629003 -0.141804 1.013904
2.626387 -0.192692 1.016092
0.000000 0.000000 0.000000
2.601262 -0.287628 1.022508
2.582849 -0.331287 1.026256
2.567494 -0.374351 1.029622
2.547852 -0.414092 1.033393
2.537599 -0.456322 1.036164
2.532566 -0.500112 1.038405
2.508428 -0.532609 1.042557
2.473547 -0.556302 1.047715
2.467208 -0.594974 1.050075
0.000000 0.000000 0.000000
0.000000 0.000000 0.000000
0.000000 0.000000 0.000000
0.000000 0.000000 0.000000
0.000000 0.000000 0.000000
0.000000 0.000000 0.000000
0.000000 0.000000 0.000000
0.000000 0.000000 0.000000
0.000000 0.000000 0.000000
0.000000 0.000000 0.000000
4.175184 2.260700 0.597397
4.200424 2.148319 0.597995
4.212727 2.024241 0.601463
4.430811 2.038344 0.564789
4.474803 1.922383 0.563037
4.551212 1.821469 0.555418
4.752222 1.780008 0.524686
4.796077 1.644162 0.524336
5.072548 1.606340 0.481309
5.226078 1.495651 0.461951
5.166106 1.298855 0.481598
5.315321 1.170418 0.463739
5.542998 1.048747 0.432664
5.974889 0.948467 0.367114
6.086659 0.759844 0.357833
6.150440 0.556934 0.356831
6.021261 0.336782 0.387917
5.948456 0.130422 0.408914
5.815128 -0.067032 0.439183
5.511661 -0.239988 0.496030
5.533139 -0.422324 0.499905
5.463816 -0.591659 0.517929
5.288423 -0.732867 0.552035
5.227682 -0.886460 0.567795
4.272615 -0.773880 0.719286
4.310500 -0.909644 0.718207
4.022067 -0.924686 0.765805
0.000000 0.000000 0.000000
2.616666 -0.491532 0.978729
2.556436 -0.510284 0.989349
2.518303 -0.535780 0.996668
2.483183 -0.559501 1.003479
2.463942 -0.590038 1.008017
0.000000 0.000000 0.000000
0.000000 0.000000 0.000000
0.000000 0.000000 0.000000
0.000000 0.000000 0.000000
0.000000 0.000000 0.000000
0.000000 0.000000 0.000000
0.000000 0.000000 0.000000
0.000000 0.000000 0.000000
0.000000 0.000000 0.000000
0.000000 0.000000 0.000000
4.132489 2.206899 0.486469
4.193940 2.125340 0.477064
4.378645 2.126546 0.438138
4.371133 1.981295 0.446599
4.581307 1.972567 0.403244
4.740610 1.914934 0.373079
4.829357 1.805570 0.360322
4.983708 1.719955 0.332904
5.107012 1.607237 0.313393
5.299436 1.510506 0.278822
5.307886 1.334746 0.286333
5.402745 1.184536 0.274616
5.698008 1.075872 0.219261
5.938735 0.930417 0.176902
6.134923 0.757348 0.144941
6.075602 0.539917 0.167820
5.983761 0.326865 0.196970
5.944671 0.124016 0.214449
5.906450 -0.074508 0.231294
5.591649 -0.249397 0.304189
5.559825 -0.428192 0.318392
5.340666 -0.573848 0.369828
5.385082 -0.753202 0.367939
5.130748 -0.862226 0.424914
4.395684 -0.808686 0.574750
4.599531 -1.004533 0.540379
4.736202 -1.192346 0.519606
4.652832 -1.298775 0.541159
2.647539 -0.504107 0.924157
2.564471 -0.512334 0.941770
2.515345 -0.531848 0.952866
2.484256 -0.557576 0.960538
2.462703 -0.586411 0.966425
0.000000 0.000000 0.000000
0.000000 0.000000 0.000000
0.000000 0.000000 0.000000
0.000000 0.000000 0.000000
0.000000 0.000000 0.000000
0.000000 0.000000 0.000000
0.000000 0.000000 0.000000
0.000000 0.000000 0.000000
0.000000 0.000000 0.000000
0.000000 0.000000 0.000000
4.156652 2.207880 0.361562
4.237747 2.140816 0.343876
4.335414 2.077918 0.322001
4.485371 2.040644 0.285874
4.522769 1.919946 0.282518
4.674749 1.861371 0.247388
4.833502 1.792493 0.211278
5.038078 1.731084 0.163453
5.153996 1.613384 0.140919
5.325021 1.506811 0.104077
5.395477 1.351755 0.094979
5.404057 1.173459 0.102536
5.528883 1.023696 0.079423
5.511718 0.835676 0.093687
5.573680 0.662294 0.087214
5.529333 0.472995 0.107955
5.591574 0.295211 0.101200
5.533414 0.110645 0.124703
5.609598 -0.071619 0.114200
5.564919 -0.251309 0.133633
5.456673 -0.419090 0.168243
5.401932 -0.585317 0.189212
5.245103 -0.725486 0.234465
5.039725 -0.839472 0.290651
4.347527 -0.793675 0.461778
4.580266 -0.996115 0.412103
4.557139 -1.121765 0.423210
0.000000 0.000000 0.000000
2.634643 -0.496308 0.877659
2.569288 -0.512719 0.894826
2.519818 -0.531998 0.908196
2.488502 -0.557512 0.917353
2.467867 -0.586832 0.924066
0.000000 0.000000 0.000000
0.000000 0.000000 0.000000
0.000000 0.000000 0.000000
0.000000 0.000000 0.000000
0.000000 0.000000 0.000000
0.000000 0.000000 0.000000
0.000000 0.000000 0.000000
0.000000 0.000000 0.000000
0.000000 0.000000 0.000000
0.000000 0.000000 0.000000
4.087290 2.133673 0.267684
4.288001 2.160680 0.206459
4.294392 2.031475 0.210742
4.544543 2.062498 0.135086
4.750603 2.043167 0.075254
4.687968 1.853177 0.103722
4.932283 1.828430 0.033355
5.051544 1.722623 0.004253
4.977597 1.524608 0.036964
5.046515 1.388271 0.024490
5.128171 1.250723 0.008376
5.082954 1.070430 0.031740
5.144073 0.920763 0.022201
5.088161 0.743732 0.048313
5.064513 0.577502 0.064234
5.093327 0.419761 0.064149
5.176003 0.263504 0.047998
5.184046 0.099473 0.053931
5.148723 -0.063345 0.072317
5.062327 -0.218726 0.105129
5.208370 -0.392946 0.070489
5.108936 -0.540177 0.106413
5.096615 -0.695949 0.117080
5.002899 -0.830072 0.150540
4.265282 -0.768776 0.363823
4.555137 -0.985730 0.288628
4.576941 -1.126301 0.288585
4.385058 -1.178636 0.347271
0.000000 0.000000 0.000000
2.577325 -0.514690 0.847200
2.522085 -0.530903 0.864318
2.493802 -0.558028 0.874098
2.470827 -0.585819 0.882418
0.000000 0.000000 0.000000
0.000000 0.000000 0.000000
0.000000 0.000000 0.000000
0.000000 0.000000 0.000000
0.000000 0.000000 0.000000
0.000000 0.000000 0.000000
0.000000 0.000000 0.000000
0.000000 0.000000 0.000000
0.000000 0.000000 0.000000
0.000000 0.000000 0.000000
4.116075 2.138516 0.144345
4.281178 2.137312 0.088001
4.367773 2.065715 0.062007
4.495958 2.013349 0.021177
4.518225 1.885022 0.020335
4.602682 1.789796 -0.003013
4.633484 1.659661 -0.006198
4.665409 1.527775 -0.009493
4.647378 1.372624 0.005412
4.712811 1.251087 -0.009499
4.597333 1.064962 0.039949
4.693296 0.949940 0.014457
4.683424 0.801902 0.026267
4.665054 0.653929 0.040831
4.656091 0.509772 0.051906
4.721170 0.374783 0.037493
4.702718 0.229819 0.051492
4.743712 0.088008 0.045202
4.692193 -0.054079 0.069813
4.699168 -0.195368 0.074589
4.706170 -0.336750 0.079218
4.696040 -0.475507 0.089348
4.686929 -0.613122 0.098993
4.615298 -0.734060 0.128756
4.264862 -0.767578 0.247841
4.522946 -0.972949 0.171079
4.544709 -1.111186 0.170442
4.246044 -1.116823 0.271033
0.000000 0.000000 0.000000
2.584277 -0.516053 0.799853
2.538500 -0.537463 0.816466
2.500172 -0.559116 0.830652
2.474831 -0.585422 0.840772
0.000000 0.000000 0.000000
0.000000 0.000000 0.000000
0.000000 0.000000 0.000000
0.000000 0.000000 0.000000
0.000000 0.000000 0.000000
