0.0 0.0 0.0
0.0 0.0 0.0
0.0 0.0 0.0
0.0 0.0 0.0
0.0 0.0 0.0
1.90500009059906 1.4776744842529297 1.0921183824539185
1.90500009059906 1.3889362812042236 1.092848300933838
1.8900001049041748 1.2896714210510254 1.08481764793396
1.8960001468658447 1.204885721206665 1.0886714458465576
1.8930001258850098 1.1140059232711792 1.0871881246566772
1.8900001049041748 1.0232218503952026 1.0855400562286377
1.8930001258850098 0.9355526566505432 1.0871888399124146
1.8930001258850098 0.846179187297821 1.086987018585205
1.8900001049041748 0.7555758357048035 1.0849614143371582
1.8840000629425049 0.664210319519043 1.0811432600021362
1.8870000839233398 0.5762050747871399 1.0824483633041382
1.8900001049041748 0.48798590898513794 1.0837395191192627
1.8840000629425049 0.3976665139198303 1.0798859596252441
1.8720000982284546 0.30701327323913574 1.0726367235183716
1.8630000352859497 0.21791891753673553 1.0671700239181519
1.8720000982284546 0.13099585473537445 1.0720899105072021
1.8720000982284546 0.04306735098361969 1.0719410181045532
1.8550001382827759 -0.04442839324474335 1.0621497631072998
1.8580000400543213 -0.13174296915531158 1.063901662826538
1.846000075340271 -0.21758998930454254 1.0571496486663818
1.8550001382827759 -0.30580827593803406 1.0624980926513672
1.8550001382827759 -0.3930152356624603 1.0627514123916626
1.8290001153945923 -0.4735458195209503 1.0481436252593994
1.852000117301941 -0.5666738748550415 1.0616307258605957
1.8370001316070557 -0.6485901474952698 1.0533236265182495
1.8350000381469727 -0.7343119978904724 1.0524275302886963
1.8370001316070557 -0.8216187357902527 1.0537559986114502
1.8200000524520874 -0.8996644616127014 1.0440871715545654
1.8200000524520874 -0.9852101802825928 1.044048547744751
1.812000036239624 -1.0658961534500122 1.039279580116272
1.815000057220459 -1.1526145935058594 1.040664792060852
1.8040001392364502 -1.2298208475112915 1.03386390209198
1.8010001182556152 -1.3115464448928833 1.0314953327178955
1.7980000972747803 -1.3926948308944702 1.0289877653121948
0.0 -0.0 0.0
0.0 -0.0 0.0
0.0 -0.0 0.0
0.0 -0.0 0.0
0.0 0.0 0.0
0.0 0.0 0.0
0.0 0.0 0.0
0.0 0.0 0.0
0.0 0.0 0.0
2.0190000534057617 1.566881775856018 1.0630156993865967
2.065000057220459 1.5062304735183716 1.0878852605819702
2.0230000019073486 1.3808740377426147 1.0662221908569336
2.0370001792907715 1.294754981994629 1.073881983757019
2.0260000228881836 1.1923577785491943 1.0681787729263306
2.0260000228881836 1.0967669486999512 1.068102478981018
2.0190000534057617 0.9975961446762085 1.064184308052063
2.0190000534057617 0.9021565318107605 1.0638304948806763
2.002000093460083 0.7999228239059448 1.0544276237487793
2.009000062942505 0.7077966928482056 1.0576045513153076
2.0190000534057617 0.6160057187080383 1.0623263120651245
2.009000062942505 0.5182170271873474 1.0565268993377686
2.00600004196167 0.4229622483253479 1.0544438362121582
1.999000072479248 0.3274492621421814 1.050317645072937
1.999000072479248 0.2335156500339508 1.049949049949646
1.999000072479248 0.13966631889343262 1.0496755838394165
1.999000072479248 0.045876093208789825 1.0495083332061768
1.999000072479248 -0.04788398742675781 1.0494524240493774
1.9950001239776611 -0.14136067032814026 1.0474083423614502
1.9890000820159912 -0.2342553287744522 1.0444189310073853
1.9890000820159912 -0.3276287913322449 1.0446736812591553
1.9950001239776611 -0.4223448932170868 1.0481584072113037
1.9820001125335693 -0.5127924680709839 1.0417152643203735
1.9820001125335693 -0.6060752868652344 1.04213285446167
1.9660000801086426 -0.6937840580940247 1.0341359376907349
1.9340001344680786 -0.7736337184906006 1.017683982849121
1.943000078201294 -0.8688144683837891 1.022741675376892
1.9490001201629639 -0.9633296132087708 1.026131272315979
1.940000057220459 -1.050204873085022 1.0215028524398804
1.9340001344680786 -1.1378549337387085 1.018309473991394
1.9180001020431519 -1.2183852195739746 1.0096901655197144
1.9180001020431519 -1.3080700635910034 1.0093233585357666
1.912000060081482 -1.3930772542953491 1.005627989768982
1.9340001344680786 -1.4988906383514404 1.0164908170700073
0.0 -0.0 0.0
0.0 -0.0 0.0
0.0 -0.0 0.0
0.0 -0.0 0.0
0.0 0.0 0.0
0.0 0.0 0.0
0.0 0.0 0.0
0.0 0.0 0.0
0.0 0.0 0.0
2.2280001640319824 1.729795217514038 1.0686132907867432
2.2200000286102295 1.6198152303695679 1.0653231143951416
2.2330000400543213 1.524544596672058 1.071913480758667
2.2120001316070557 1.4061095714569092 1.0619791746139526
2.2120001316070557 1.3017522096633911 1.06192946434021
2.183000087738037 1.1815154552459717 1.0477806329727173
2.1710000038146973 1.072313904762268 1.0416433811187744
2.195000171661377 0.9802947044372559 1.0526530742645264
2.183000087738037 0.8716631531715393 1.0463066101074219
2.1670000553131104 0.7628437280654907 1.0379976034164429
2.1440000534057617 0.6535249352455139 1.0263298749923706
2.136000156402588 0.5503853559494019 1.0218682289123535
2.1670000553131104 0.4563647210597992 1.036104440689087
2.1710000038146973 0.3551596403121948 1.0374960899353027
2.1590001583099365 0.25184503197669983 1.0313395261764526
2.132000207901001 0.1487157940864563 1.018136739730835
2.1440000534057617 0.04908256232738495 1.023683786392212
2.136000156402588 -0.05116090551018715 1.0198103189468384
2.140000104904175 -0.15150754153728485 1.0217949151992798
2.140000104904175 -0.25179824233055115 1.0219926834106445
2.1480000019073486 -0.3534778952598572 1.0261237621307373
2.140000104904175 -0.45262253284454346 1.0227060317993164
2.121000051498413 -0.5482863187789917 1.0140979290008545
2.121000051498413 -0.6480864882469177 1.014615535736084
2.117000102996826 -0.746585488319397 1.0132343769073486
2.1130001544952393 -0.844793975353241 1.0118337869644165
2.1130001544952393 -0.9444630146026611 1.0122960805892944
2.1130001544952393 -1.0441317558288574 1.012672781944275
2.1060001850128174 -1.1399496793746948 1.009575605392456
2.1019999980926514 -1.2367420196533203 1.007769227027893
2.1060001850128174 -1.3380374908447266 1.0096291303634644
2.1060001850128174 -1.4367038011550903 1.009386420249939
2.1060001850128174 -1.5350322723388672 1.00895357131958
2.0980000495910645 -1.626772403717041 1.0045053958892822
0.0 -0.0 0.0
0.0 -0.0 0.0
0.0 -0.0 0.0
0.0 -0.0 0.0
0.0 0.0 0.0
0.0 0.0 0.0
0.0 0.0 0.0
0.0 0.0 0.0
0.0 0.0 0.0
2.38100004196167 1.8491911888122559 1.030190348625183
2.38100004196167 1.7376914024353027 1.030623435974121
2.386000156402588 1.62919020652771 1.0330106019973755
2.376000165939331 1.510333776473999 1.0286914110183716
2.38100004196167 1.4009828567504883 1.0306649208068848
2.38100004196167 1.2882798910140991 1.0302931070327759
2.38100004196167 1.1754943132400513 1.029768943786621
2.376000165939331 1.0604790449142456 1.0269650220870972
2.376000165939331 0.9480067491531372 1.0262424945831299
2.386000156402588 0.8391832113265991 1.0297927856445312
2.376000165939331 0.7234974503517151 1.0247060060501099
2.376000165939331 0.611523449420929 1.02396559715271
2.3620002269744873 0.4968048334121704 1.0172582864761353
2.367000102996826 0.3866948187351227 1.0188261270523071
2.3570001125335693 0.2745337188243866 1.014051079750061
2.3390002250671387 0.16288337111473083 1.005968451499939
2.3480000495910645 0.05362275242805481 1.009639859199524
2.3530001640319824 -0.05634285509586334 1.0117368698120117
2.307000160217285 -0.16317570209503174 0.9920493364334106
2.325000047683716 -0.27327781915664673 1.0000207424163818
2.3480000495910645 -0.3859815001487732 1.0102752447128296
2.2890000343322754 -0.48364388942718506 0.9853498935699463
2.2890000343322754 -0.5911527276039124 0.9858969449996948
2.325000047683716 -0.7098091244697571 1.0020182132720947
2.307000160217285 -0.8129791617393494 0.9949005842208862
2.2890000343322754 -0.9145829081535339 0.987767219543457
2.302000045776367 -1.0284286737442017 0.99396812915802
2.258000135421753 -1.1153819561004639 0.9754724502563477
2.263000011444092 -1.224665641784668 0.978024423122406
2.254000186920166 -1.3260728120803833 0.974382221698761
2.254000186920166 -1.4321537017822266 0.974460244178772
2.236999988555908 -1.5263540744781494 0.9670010805130005
2.245000123977661 -1.6368319988250732 0.9701517224311829
2.241000175476074 -1.7383286952972412 0.9679199457168579
0.0 -0.0 0.0
0.0 -0.0 0.0
0.0 -0.0 0.0
0.0 -0.0 0.0
0.0 0.0 0.0
0.0 0.0 0.0
0.0 0.0 0.0
0.0 0.0 0.0
0.0 0.0 0.0
0.0 0.0 0.0
0.0 0.0 0.0
2.376000165939331 1.6224111318588257 0.9166876673698425
0.0 0.0 0.0
2.386000156402588 1.4035851955413818 0.9201423525810242
2.3950002193450928 1.2953530550003052 0.9231504797935486
2.4000000953674316 1.184242606163025 0.9244769215583801
2.4100000858306885 1.0749260187149048 0.9276219010353088
2.5340001583099365 1.0102232694625854 0.974536120891571
2.556000232696533 0.8981241583824158 0.9821440577507019
2.556000232696533 0.7774777412414551 0.9812974333763123
2.578000068664551 0.6627317667007446 0.9889324307441711
2.561000108718872 0.5379713773727417 0.9816797375679016
2.5390000343322754 0.41422268748283386 0.9726225733757019
2.4600000381469727 0.28610560297966003 0.9418749809265137
2.4810001850128174 0.17248742282390594 0.94956374168396
0.0 0.0 0.0
0.0 -0.0 0.0
2.455000162124634 -0.17346876859664917 0.9394655823707581
0.0 -0.0 0.0
0.0 -0.0 0.0
0.0 -0.0 0.0
0.0 -0.0 0.0
2.4200000762939453 -0.7381359338760376 0.9284453988075256
2.4810001850128174 -0.8735846281051636 0.9525659680366516
2.5230000019073486 -1.0073744058609009 0.9694267511367798
2.496000051498413 -1.1144599914550781 0.9597483277320862
2.4600000381469727 -1.2146291732788086 0.9465230703353882
2.496000051498413 -1.3503488302230835 0.9608939290046692
2.430000066757202 -1.4293805360794067 0.9358536601066589
2.4150002002716064 -1.534401774406433 0.9302766919136047
2.440000057220459 -1.6650210618972778 0.9399187564849854
2.3950002193450928 -1.746558666229248 0.9223964810371399
2.3950002193450928 -1.8583498001098633 0.9220062494277954
0.0 -0.0 0.0
0.0 -0.0 0.0
0.0 -0.0 0.0
0.0 -0.0 0.0
0.0 0.0 0.0
0.0 0.0 0.0
0.0 0.0 0.0
0.0 0.0 0.0
0.0 0.0 0.0
2.9070000648498535 2.258678674697876 0.9842296838760376
2.951000213623047 2.154177188873291 0.9993531107902527
2.9000000953674316 1.98014235496521 0.9820722937583923
0.0 0.0 0.0
2.9660000801086426 1.7442562580108643 1.0037308931350708
2.8580000400543213 1.5450985431671143 0.9665704369544983
2.879000186920166 1.4197865724563599 0.9729125499725342
2.9070000648498535 1.2956883907318115 0.9815013408660889
2.7840001583099365 1.1089671850204468 0.9390745162963867
2.811000108718872 0.9867861270904541 0.9472534656524658
2.7970001697540283 0.8498814105987549 0.941628634929657
2.8380000591278076 0.7287224531173706 0.9545641541481018
2.8510000705718994 0.5981380939483643 0.9581513404846191
2.758000135421753 0.4493471384048462 0.9262460470199585
2.7270002365112305 0.31670278310775757 0.9153221845626831
0.0 0.0 0.0
2.572000026702881 0.05847444757819176 0.862752377986908
0.0 -0.0 0.0
2.6120002269744873 -0.18437431752681732 0.8762347102165222
2.5450000762939453 -0.29847949743270874 0.8540117144584656
2.5450000762939453 -0.41744551062583923 0.8544006943702698
2.5230000019073486 -0.5319520235061646 0.8475198745727539
2.5280001163482666 -0.6515679955482483 0.8498048186302185
2.695000171661377 -0.8212525248527527 0.9066684246063232
2.7330000400543213 -0.9615132808685303 0.9202383160591125
2.695000171661377 -1.0752663612365723 0.9082331657409668
2.746000051498413 -1.2253342866897583 0.9262033104896545
2.7270002365112305 -1.345804214477539 0.920511782169342
2.695000171661377 -1.4574859142303467 0.9103207588195801
2.572000026702881 -1.5125617980957031 0.8692290782928467
2.51200008392334 -1.5958701372146606 0.8492425680160522
2.455000162124634 -1.6752903461456299 0.830083429813385
2.4000000953674316 -1.7504338026046753 0.8114112615585327
0.0 -0.0 0.0
0.0 -0.0 0.0
0.0 -0.0 0.0
0.0 -0.0 0.0
0.0 -0.0 0.0
0.0 0.0 0.0
0.0 0.0 0.0
0.0 0.0 0.0
0.0 0.0 0.0
0.0 0.0 0.0
3.2870001792907715 2.55424165725708 0.9580262303352356
3.315000057220459 2.4199507236480713 0.9663172960281372
3.207000255584717 2.189579486846924 0.9347289204597473
3.2160000801086426 2.0433342456817627 0.9370222091674805
3.207000255584717 1.8853700160980225 0.9338691234588623
3.2160000801086426 1.7378569841384888 0.9357851147651672
3.198000192642212 1.5761945247650146 0.9297106862068176
3.181000232696533 1.4168270826339722 0.9238407015800476
3.198000192642212 1.2728458642959595 0.9277904629707336
3.1720001697540283 1.1124918460845947 0.9192549586296082
3.1720001697540283 0.9628481864929199 0.9182882905006409
3.1720001697540283 0.8135848641395569 0.9173831939697266
3.1560001373291016 0.6613414287567139 0.9119481444358826
3.0980000495910645 0.5041038990020752 0.8945132493972778
3.130000114440918 0.36301636695861816 0.9032108187675476
3.0980000495910645 0.2147263139486313 0.8935946822166443
3.1560001373291016 0.07160905748605728 0.9101036787033081
3.1060001850128174 -0.0742674469947815 0.8956390619277954
3.130000114440918 -0.2207212895154953 0.9026854038238525
3.0500001907348633 -0.3573300540447235 0.8798984289169312
3.0190000534057617 -0.4946727752685547 0.8713871240615845
2.9810001850128174 -0.627875804901123 0.8609780669212341
3.0420000553131104 -0.7832877039909363 0.8792807459831238
3.0260002613067627 -0.9212902188301086 0.8754246830940247
3.0980000495910645 -1.089037537574768 0.8971002697944641
3.0190000534057617 -1.2036702632904053 0.8750718235969543
2.9810001850128174 -1.3293793201446533 0.8648813962936401
3.0420000553131104 -1.500505805015564 0.8833679556846619
2.9880001544952393 -1.6153212785720825 0.8683717846870422
3.0190000534057617 -1.7749652862548828 0.8779457211494446
2.9810001850128174 -1.8935452699661255 0.8672937750816345
2.951000213623047 -2.013690710067749 0.8587766289710999
3.06600022315979 -2.2363364696502686 0.8922519683837891
3.0900001525878906 -2.3985583782196045 0.8990240097045898
0.0 -0.0 0.0
0.0 -0.0 0.0
0.0 -0.0 0.0
0.0 -0.0 0.0
0.0 0.0 0.0
0.0 0.0 0.0
0.0 0.0 0.0
0.0 0.0 0.0
0.0 0.0 0.0
3.5430002212524414 2.75338077545166 0.8656253218650818
3.5430002212524414 2.5863561630249023 0.8656705021858215
3.511000156402588 2.3968658447265625 0.8576744794845581
3.5530002117156982 2.2569591999053955 0.8675422072410583
3.511000156402588 2.063410997390747 0.8567109107971191
3.5970001220703125 1.9428867101669312 0.8769428730010986
3.564000129699707 1.7556205987930298 0.8680265545845032
3.564000129699707 1.586377739906311 0.8670695424079895
3.575000286102295 1.4218237400054932 0.8687402009963989
3.4800002574920654 1.2194808721542358 0.8446705937385559
3.501000165939331 1.0617247819900513 0.8488091826438904
3.511000156402588 0.899626612663269 0.8503380417823792
3.5530002117156982 0.7437299489974976 0.8597005605697632
3.5220000743865967 0.5724409818649292 0.8515182733535767
3.5220000743865967 0.40798419713974 0.8509786128997803
3.491000175476074 0.2416459619998932 0.843109130859375
3.501000165939331 0.07929730415344238 0.845309853553772
3.511000156402588 -0.08390752226114273 0.8476809859275818
3.491000175476074 -0.245954692363739 0.8429796695709229
3.4800002574920654 -0.4073140621185303 0.8406150341033936
3.4800002574920654 -0.5696588158607483 0.8410607576370239
3.501000165939331 -0.7367096543312073 0.8467243909835815
3.440000057220459 -0.8849788308143616 0.8326665759086609
3.440000057220459 -1.0464640855789185 0.8334539532661438
3.501000165939331 -1.2297685146331787 0.8490988612174988
3.371000051498413 -1.3431020975112915 0.818432629108429
3.371000051498413 -1.5024203062057495 0.8192892670631409
3.2780001163482666 -1.6161295175552368 0.7974771857261658
3.315000057220459 -1.7914124727249146 0.8071982860565186
3.3430001735687256 -1.9649109840393066 0.8146249055862427
3.4100000858306885 -2.1656765937805176 0.8314195871353149
3.4600002765655518 -2.3608553409576416 0.843901515007019
3.4100000858306885 -2.4873127937316895 0.8317911028862
3.4600002765655518 -2.686063289642334 0.8438573479652405
0.0 -0.0 0.0
0.0 -0.0 0.0
0.0 -0.0 0.0
0.0 -0.0 0.0
0.0 0.0 0.0
0.0 0.0 0.0
0.0 0.0 0.0
0.0 0.0 0.0
0.0 0.0 0.0
3.5220000743865967 2.7371761798858643 0.6944114565849304
3.5860002040863037 2.617652177810669 0.7070178389549255
3.641000270843506 2.485311508178711 0.7176578044891357
3.6750001907348633 2.3339602947235107 0.7239716649055481
3.619000196456909 2.126230239868164 0.7123992443084717
3.6080002784729004 1.9480464458465576 0.7095630764961243
3.4800002574920654 1.7133958339691162 0.6836456656455994
3.686000108718872 1.6397250890731812 0.7232568264007568
3.7090001106262207 1.474134087562561 0.7268728613853455
3.6520001888275146 1.2788019180297852 0.7148193120956421
3.5220000743865967 1.0672231912612915 0.6885533928871155
3.5530002117156982 0.9095882177352905 0.6938454508781433
3.6750001907348633 0.7685469388961792 0.7169622778892517
3.5530002117156982 0.5769071578979492 0.6925816535949707
3.7090001106262207 0.4291952848434448 0.722512423992157
3.5530002117156982 0.2456580102443695 0.6917998194694519
3.5860002040863037 0.08110099285840988 0.6980419158935547
3.5430002212524414 -0.0846315249800682 0.6896365284919739
3.5220000743865967 -0.24794085323810577 0.6856589317321777
3.4800002574920654 -0.4069701135158539 0.6777302622795105
3.686000108718872 -0.6028708815574646 0.7182495594024658
3.7210001945495605 -0.7823610901832581 0.7256004810333252
3.6080002784729004 -0.9274719953536987 0.7041854858398438
3.5530002117156982 -1.0800471305847168 0.6941444873809814
3.5530002117156982 -1.2471950054168701 0.6948962807655334
3.5970001220703125 -1.4322830438613892 0.7042933106422424
3.5530002117156982 -1.5827038288116455 0.6964594125747681
3.511000156402588 -1.730238676071167 0.6889656186103821
3.511000156402588 -1.896657943725586 0.6896389722824097
3.5530002117156982 -2.0877912044525146 0.6984710097312927
3.5530002117156982 -2.256103277206421 0.6989242434501648
3.5530002117156982 -2.424103021621704 0.699222981929779
3.757000207901001 -2.7404115200042725 0.7395020723342896
3.5430002212524414 -2.750694990158081 0.6973201036453247
0.0 -0.0 0.0
0.0 -0.0 0.0
0.0 -0.0 0.0
0.0 -0.0 0.0
0.0 0.0 0.0
0.0 0.0 0.0
0.0 0.0 0.0
0.0 0.0 0.0
0.0 0.0 0.0
3.5320000648498535 2.745004177093506 0.5297942161560059
3.817000150680542 2.7861523628234863 0.5725048184394836
3.5430002212524414 2.418142557144165 0.531226396560669
3.501000165939331 2.223036289215088 0.524615466594696
3.6520001888275146 2.1450517177581787 0.5467920303344727
3.5860002040863037 1.9355098009109497 0.5363680720329285
3.6080002784729004 1.775681495666504 0.5390370488166809
3.686000108718872 1.6389293670654297 0.5500043034553528
3.7090001106262207 1.4733201265335083 0.5527222752571106
3.6080002784729004 1.2626192569732666 0.5369795560836792
3.5530002117156982 1.0758954286575317 0.5281397104263306
3.575000286102295 0.9145609736442566 0.5308005213737488
3.6080002784729004 0.753957211971283 0.5351536273956299
3.769000291824341 0.6114842295646667 0.5585511326789856
3.769000291824341 0.4357655942440033 0.5581703782081604
3.5970001220703125 0.24847054481506348 0.5324414372444153
3.619000196456909 0.08174863457679749 0.5355538725852966
3.5970001220703125 -0.08588621020317078 0.5322712063789368
3.6520001888275146 -0.2569235563278198 0.5405005812644958
3.501000165939331 -0.40914174914360046 0.5183491706848145
3.757000207901001 -0.6140572428703308 0.5565739870071411
3.769000291824341 -0.791918158531189 0.5587759613990784
3.757000207901001 -0.9651505351066589 0.5575069785118103
3.757000207901001 -1.1413679122924805 0.5580874085426331
3.5430002212524414 -1.2429914474487305 0.5268931984901428
3.7210001945495605 -1.48091459274292 0.5540159940719604
3.7210001945495605 -1.6568105220794678 0.5546700358390808
3.5970001220703125 -1.7719578742980957 0.5367947220802307
3.5530002117156982 -1.9187653064727783 0.5307804942131042
3.5320000648498535 -2.0749733448028564 0.528117835521698
3.6750001907348633 -2.333204984664917 0.5498917102813721
3.6520001888275146 -2.491434335708618 0.546717643737793
3.6750001907348633 -2.680551528930664 0.5502907037734985
3.511000156402588 -2.7259700298309326 0.5257149934768677
0.0 -0.0 0.0
0.0 -0.0 0.0
0.0 -0.0 0.0
0.0 -0.0 0.0
0.0 0.0 0.0
0.0 0.0 0.0
0.0 0.0 0.0
0.0 0.0 0.0
0.0 0.0 0.0
3.5860002040863037 2.786997079849243 0.3687400817871094
3.805000066757202 2.777284622192383 0.391223281621933
3.6080002784729004 2.462279796600342 0.3708302080631256
3.829000234603882 2.4309496879577637 0.39329618215560913
3.5970001220703125 2.112316608428955 0.3691486716270447
3.892000198364258 2.1001243591308594 0.3990051746368408
3.880000114440918 1.908944845199585 0.39730173349380493
3.6750001907348633 1.633438229560852 0.3758279085159302
3.817000150680542 1.5155894756317139 0.3898327946662903
3.7930002212524414 1.3267472982406616 0.3868712782859802
3.5970001220703125 1.0886715650558472 0.3664158582687378
3.641000270843506 0.9309425354003906 0.37046360969543457
3.769000291824341 0.7871496677398682 0.3830881714820862
3.6750001907348633 0.5958734154701233 0.3732052445411682
3.6750001907348633 0.42462658882141113 0.37294623255729675
3.7330002784729004 0.2576877772808075 0.3786466419696808
3.575000286102295 0.0806826502084732 0.36252129077911377
3.564000129699707 -0.08507150411605835 0.36138761043548584
3.757000207901001 -0.26417985558509827 0.38102322816848755
3.5970001220703125 -0.4201417565345764 0.36493808031082153
3.757000207901001 -0.6137377619743347 0.38139665126800537
3.575000286102295 -0.7507752776145935 0.3632025122642517
3.5220000743865967 -0.9043416976928711 0.3581530451774597
3.575000286102295 -1.085581660270691 0.36393001675605774
3.4800002574920654 -1.220375657081604 0.354669451713562
3.4600002765655518 -1.3765166997909546 0.35305753350257874
3.7330002784729004 -1.6615979671478271 0.38137707114219666
3.564000129699707 -1.7552011013031006 0.36453795433044434
3.5530002117156982 -1.9183188676834106 0.3638048768043518
3.6080002784729004 -2.1192429065704346 0.36978259682655334
3.5320000648498535 -2.2421369552612305 0.3622647225856781
3.769000291824341 -2.571070432662964 0.3867751955986023
3.769000291824341 -2.7490592002868652 0.3868778944015503
3.5530002117156982 -2.7586514949798584 0.3647019863128662
0.0 -0.0 0.0
0.0 -0.0 0.0
0.0 -0.0 0.0
0.0 -0.0 0.0
0.0 0.0 0.0
0.0 0.0 0.0
0.0 0.0 0.0
0.0 0.0 0.0
0.0 0.0 0.0
3.757000207901001 2.919912815093994 0.2090938240289688
3.7930002212524414 2.768455982208252 0.21108481287956238
3.6520001888275146 2.4921610355377197 0.20316776633262634
3.805000066757202 2.415485143661499 0.21155017614364624
3.5320000648498535 2.073875904083252 0.19620630145072937
3.817000150680542 2.059312582015991 0.2118188440799713
3.8420002460479736 1.889870047569275 0.2129545956850052
3.6520001888275146 1.6228357553482056 0.20216520130634308
3.5860002040863037 1.4234910011291504 0.19824981689453125
3.805000066757202 1.3305543661117554 0.21008075773715973
3.686000108718872 1.1152524948120117 0.20325374603271484
3.6080002784729004 0.9221892952919006 0.19872014224529266
3.8420002460479736 0.8021041750907898 0.21138843894004822
3.641000270843506 0.5901345014572144 0.20015336573123932
3.6750001907348633 0.4244551658630371 0.20188242197036743
3.769000291824341 0.2600596845149994 0.20694497227668762
3.805000066757202 0.08582503348588943 0.20886462926864624
3.7210001945495605 -0.08880113810300827 0.20424337685108185
3.867000102996826 -0.2718292772769928 0.21229366958141327
3.5530002117156982 -0.4148651957511902 0.19513104856014252
3.6750001907348633 -0.6001440286636353 0.2019505500793457
3.769000291824341 -0.7912618517875671 0.20727665722370148
3.5530002117156982 -0.9120205640792847 0.19558033347129822
3.6080002784729004 -1.0952849388122559 0.19881905615329742
3.564000129699707 -1.2494988441467285 0.19662129878997803
3.5530002117156982 -1.4131739139556885 0.19625067710876465
3.619000196456909 -1.610512137413025 0.2001378983259201
3.564000129699707 -1.754881739616394 0.19732579588890076
3.7210001945495605 -2.008725643157959 0.20623859763145447
3.5860002040863037 -2.106079339981079 0.19893988966941833
3.5970001220703125 -2.283216953277588 0.19969648122787476
3.7330002784729004 -2.5463953018188477 0.2073509395122528
3.757000207901001 -2.740269184112549 0.20873399078845978
3.511000156402588 -2.726085901260376 0.19505803287029266
0.0 -0.0 0.0
0.0 -0.0 0.0
0.0 -0.0 0.0
0.0 -0.0 0.0
0.0 0.0 0.0
0.0 0.0 0.0
0.0 0.0 0.0
0.0 0.0 0.0
0.0 0.0 0.0
3.5530002117156982 2.761385679244995 0.030128294602036476
3.641000270843506 2.657499074935913 0.030895903706550598
3.5970001220703125 2.4545817375183105 0.03053351491689682
3.769000291824341 2.3925516605377197 0.03199503570795059
3.501000165939331 2.055575132369995 0.029712988063693047
3.7330002784729004 2.0138676166534424 0.031666893512010574
3.757000207901001 1.8479167222976685 0.031849127262830734
3.7090001106262207 1.648016095161438 0.0314166434109211
3.5860002040863037 1.4233444929122925 0.03034726344048977
3.564000129699707 1.2461374998092651 0.030132468789815903
3.7330002784729004 1.1293318271636963 0.03153149038553238
3.6750001907348633 0.9391878247261047 0.031013699248433113
3.7090001106262207 0.7742266058921814 0.03127511963248253
3.867000102996826 0.6266700029373169 0.03258458897471428
3.6520001888275146 0.42173147201538086 0.03075570799410343
3.7330002784729004 0.25753140449523926 0.031425267457962036
3.5430002212524414 0.07989749312400818 0.02981896884739399
3.619000196456909 -0.08636023104190826 0.03045705333352089
3.501000165939331 -0.24607115983963013 0.029467716813087463
3.5430002212524414 -0.41364383697509766 0.02983010746538639
3.641000270843506 -0.5945146679878235 0.030669208616018295
3.7930002212524414 -0.7961998581886292 0.03196857497096062
3.5430002212524414 -0.909343957901001 0.029882684350013733
3.829000234603882 -1.1622426509857178 0.032320454716682434
3.641000270843506 -1.2763612270355225 0.030759278684854507
3.7090001106262207 -1.4750834703445435 0.03136005997657776
3.5530002117156982 -1.5810115337371826 0.03006497025489807
3.5430002212524414 -1.7444207668304443 0.030001433566212654
3.769000291824341 -2.0345242023468018 0.0319330133497715
3.757000207901001 -2.206416368484497 0.03184300661087036
3.6520001888275146 -2.3180642127990723 0.030956994742155075
3.5430002212524414 -2.4167568683624268 0.03002847544848919
3.6520001888275146 -2.6636831760406494 0.03093799762427807
3.5530002117156982 -2.758728504180908 0.030075496062636375
0.0 -0.0 0.0
0.0 -0.0 0.0
0.0 -0.0 0.0
0.0 -0.0 0.0
0.0 0.0 -0.0
0.0 0.0 -0.0
0.0 0.0 -0.0
0.0 0.0 -0.0
0.0 0.0 -0.0
3.892000198364258 3.0248899459838867 -0.15060684084892273
3.575000286102295 2.6093716621398926 -0.13828448951244354
3.817000150680542 2.6047706604003906 -0.1475466638803482
3.5970001220703125 2.2834362983703613 -0.13891561329364777
3.575000286102295 2.0991013050079346 -0.13791069388389587
3.511000156402588 1.8941874504089355 -0.13526637852191925
3.686000108718872 1.8130868673324585 -0.14180707931518555
3.5970001220703125 1.5983425378799438 -0.13817676901817322
3.5430002212524414 1.4063657522201538 -0.13589651882648468
3.5860002040863037 1.2539154291152954 -0.13734154403209686
3.7090001106262207 1.122153401374817 -0.14185181260108948
3.686000108718872 0.9420720934867859 -0.14078938961029053
3.6750001907348633 0.7671919465065002 -0.14020852744579315
3.5970001220703125 0.5829645991325378 -0.13710053265094757
3.5970001220703125 0.4154171943664551 -0.13699688017368317
3.6750001907348633 0.25355419516563416 -0.1398933082818985
3.5860002040863037 0.08087683469057083 -0.13646535575389862
3.511000156402588 -0.08378729224205017 -0.1336045265197754
3.6750001907348633 -0.25831955671310425 -0.1398722380399704
3.641000270843506 -0.4251173734664917 -0.13863778114318848
3.5860002040863037 -0.5855781435966492 -0.13663293421268463
3.5320000648498535 -0.7414672374725342 -0.13469120860099792
3.5430002212524414 -0.9094085693359375 -0.13525135815143585
3.757000207901001 -1.1404651403427124 -0.14359153807163239
3.5970001220703125 -1.261017084121704 -0.1376558244228363
3.5970001220703125 -1.4306243658065796 -0.13784544169902802
3.6080002784729004 -1.6055707931518555 -0.13846105337142944
3.641000270843506 -1.79275643825531 -0.13992036879062653
3.5530002117156982 -1.9180049896240234 -0.1367170810699463
3.6080002784729004 -2.1189842224121094 -0.13899782299995422
3.686000108718872 -2.339709997177124 -0.1421467661857605
3.5530002117156982 -2.4236292839050293 -0.1371278464794159
3.686000108718872 -2.68852162361145 -0.14234067499637604
3.564000129699707 -2.76729416847229 -0.13767021894454956
0.0 -0.0 -0.0
0.0 -0.0 -0.0
0.0 -0.0 -0.0
0.0 -0.0 -0.0
0.0 0.0 -0.0
0.0 0.0 -0.0
0.0 0.0 -0.0
0.0 0.0 -0.0
3.619000196456909 2.983139991760254 -0.31077542901039124
3.641000270843506 2.829850435256958 -0.312667578458786
3.5530002117156982 2.5934135913848877 -0.30502867698669434
3.7930002212524414 2.5885608196258545 -0.32545724511146545
3.575000286102295 2.269680976867676 -0.3065095543861389
3.641000270843506 2.138113498687744 -0.31185343861579895
3.5530002117156982 1.9171327352523804 -0.3039553463459015
3.501000165939331 1.7223924398422241 -0.2991124391555786
3.7210001945495605 1.6537777185440063 -0.31746405363082886
3.575000286102295 1.419390082359314 -0.30457204580307007
3.757000207901001 1.3140366077423096 -0.31962618231773376
3.5530002117156982 1.07524573802948 -0.30186402797698975
3.511000156402588 0.8976037502288818 -0.2979256510734558
3.6520001888275146 0.7626224756240845 -0.30954986810684204
3.5860002040863037 0.5813676118850708 -0.30367425084114075
3.5970001220703125 0.41555672883987427 -0.3043839633464813
3.6080002784729004 0.24902129173278809 -0.3051582872867584
3.564000129699707 0.08041773736476898 -0.3013511300086975
3.6520001888275146 -0.08716759085655212 -0.3087763488292694
3.6080002784729004 -0.2536773979663849 -0.30511218309402466
3.7330002784729004 -0.43598052859306335 -0.3158126771450043
3.6080002784729004 -0.5893346667289734 -0.3054288327693939
3.5860002040863037 -0.7530079483985901 -0.30381619930267334
3.5530002117156982 -0.9122133851051331 -0.3013196289539337
3.757000207901001 -1.1407463550567627 -0.31898194551467896
3.5530002117156982 -1.2458772659301758 -0.30203554034233093
3.575000286102295 -1.4221715927124023 -0.3043014705181122
3.5860002040863037 -1.5960781574249268 -0.30564039945602417
3.641000270843506 -1.7930467128753662 -0.3107277452945709
3.880000114440918 -2.0948126316070557 -0.3315235376358032
3.5430002212524414 -2.08103609085083 -0.30305418372154236
3.511000156402588 -2.2288098335266113 -0.30058664083480835
3.491000175476074 -2.381467342376709 -0.2990778684616089
3.7330002784729004 -2.722882032394409 -0.31994861364364624
3.491000175476074 -2.710628032684326 -0.2992563545703888
0.0 -0.0 -0.0
0.0 -0.0 -0.0
0.0 -0.0 -0.0
0.0 -0.0 -0.0
0.0 0.0 -0.0
0.0 0.0 -0.0
0.0 0.0 -0.0
0.0 0.0 -0.0
0.0 0.0 -0.0
3.757000207901001 2.9200439453125 -0.4998778700828552
3.575000286102295 2.6096150875091553 -0.475569486618042
3.769000291824341 2.572441339492798 -0.5011436939239502
3.6520001888275146 2.3189117908477783 -0.4852399230003357
3.6750001907348633 2.1585073471069336 -0.4878399074077606
3.5430002212524414 1.9122098684310913 -0.4697936177253723
3.5530002117156982 1.7484910488128662 -0.47053149342536926
3.575000286102295 1.5894302129745483 -0.4728134870529175
3.4700002670288086 1.3782297372817993 -0.4582979381084442
3.6080002784729004 1.262455940246582 -0.47587722539901733
3.619000196456909 1.095720887184143 -0.4767078459262848
3.5530002117156982 0.9087863564491272 -0.4674522280693054
3.511000156402588 0.7335588335990906 -0.4614346921443939
3.511000156402588 0.5695192813873291 -0.461019903421402
3.511000156402588 0.4058542549610138 -0.4606933295726776
3.391000270843506 0.2341887354850769 -0.44472557306289673
3.5220000743865967 0.07953327149152756 -0.4617776572704315
3.5860002040863037 -0.08561751991510391 -0.4701450765132904
3.5220000743865967 -0.24774231016635895 -0.46183592081069946
3.564000129699707 -0.4164399802684784 -0.46752920746803284
3.564000129699707 -0.5824230313301086 -0.4678124785423279
3.619000196456909 -0.7602882981300354 -0.4754098057746887
3.5320000648498535 -0.9072230458259583 -0.46442675590515137
3.5320000648498535 -1.0728766918182373 -0.4649351239204407
3.5530002117156982 -1.2463589906692505 -0.46825724840164185
3.564000129699707 -1.4182939529418945 -0.47029373049736023
3.5430002212524414 -1.577431321144104 -0.46811190247535706
3.5220000743865967 -1.7349108457565308 -0.4659067690372467
3.5530002117156982 -1.9186947345733643 -0.4705422520637512
3.5430002212524414 -2.0814037322998047 -0.4696885049343109
3.450000047683716 -2.1903696060180664 -0.4577365517616272
3.511000156402588 -2.3953092098236084 -0.46611207723617554
3.5530002117156982 -2.591688394546509 -0.4718567430973053
3.440000057220459 -2.6710216999053955 -0.4568914473056793
0.0 -0.0 -0.0
0.0 -0.0 -0.0
0.0 -0.0 -0.0
0.0 -0.0 -0.0
0.0 0.0 -0.0
0.0 0.0 -0.0
0.0 0.0 -0.0
0.0 0.0 -0.0
0.0 0.0 -0.0
3.805000066757202 2.9573636054992676 -0.6857733726501465
3.5970001220703125 2.6258397102355957 -0.6482064127922058
3.5970001220703125 2.4553587436676025 -0.6479555368423462
3.6080002784729004 2.291419506072998 -0.6495245695114136
3.5530002117156982 2.0874016284942627 -0.639077365398407
3.5970001220703125 1.9420013427734375 -0.6463221311569214
3.7090001106262207 1.8259923458099365 -0.6656655669212341
3.5530002117156982 1.580383539199829 -0.6368629932403564
3.5430002212524414 1.4079636335372925 -0.6342427730560303
3.6520001888275146 1.2785946130752563 -0.6529071927070618
3.641000270843506 1.1030786037445068 -0.650129497051239
3.7210001945495605 0.9524024128913879 -0.6636472940444946
3.5220000743865967 0.736386239528656 -0.627510666847229
3.4800002574920654 0.5649185180664062 -0.6194893717765808
3.5430002212524414 0.40988051891326904 -0.6302721500396729
3.6750001907348633 0.2540207803249359 -0.6534375548362732
3.5860002040863037 0.08106885850429535 -0.6374405026435852
3.5970001220703125 -0.08591429889202118 -0.6393632888793945
3.686000108718872 -0.25943928956985474 -0.6552935242652893
3.6750001907348633 -0.42969074845314026 -0.6535874605178833
3.5530002117156982 -0.581004798412323 -0.6322582364082336
3.619000196456909 -0.7607725858688354 -0.6444951891899109
3.5220000743865967 -0.9052060842514038 -0.6277987957000732
3.5220000743865967 -1.0704529285430908 -0.6284568905830383
3.501000165939331 -1.228769063949585 -0.6254212260246277
3.5220000743865967 -1.4022529125213623 -0.6299206614494324
3.4600002765655518 -1.5411314964294434 -0.6195706129074097
3.4800002574920654 -1.7148451805114746 -0.6238695979118347
3.501000165939331 -1.8911795616149902 -0.6283004879951477
3.5220000743865967 -2.069549798965454 -0.6326534748077393
3.5320000648498535 -2.242804527282715 -0.6349218487739563
3.511000156402588 -2.39555287361145 -0.6314790844917297
3.501000165939331 -2.553859233856201 -0.6298575401306152
3.5860002040863037 -2.7843379974365234 -0.6451618671417236
0.0 -0.0 -0.0
0.0 -0.0 -0.0
0.0 -0.0 -0.0
0.0 -0.0 -0.0
0.0 0.0 -0.0
0.0 0.0 -0.0
0.0 0.0 -0.0
0.0 0.0 -0.0
0.0 0.0 -0.0
0.0 0.0 -0.0
1.3920000791549683 1.0162321329116821 -0.3165301978588104
1.3950001001358032 0.9523787498474121 -0.3171174228191376
1.3950001001358032 0.8861562013626099 -0.31694528460502625
1.3940000534057617 0.8192374110221863 -0.31647735834121704
1.402000069618225 0.7572364211082458 -0.31799378991127014
1.3950001001358032 0.6871131062507629 -0.3160638213157654
1.3920000791549683 0.619518518447876 -0.31501305103302
1.4000000953674316 0.5567110776901245 -0.3164357841014862
0.0 0.0 -0.0
1.415000081062317 0.429025799036026 -0.31905704736709595
0.0 0.0 -0.0
0.0 0.0 -0.0
3.5430002212524414 0.5756914019584656 -0.7965617179870605
0.0 -0.0 -0.0
0.0 0.0 -0.0
0.0 0.0 -0.0
0.0 -0.0 -0.0
0.0 -0.0 -0.0
0.0 -0.0 -0.0
0.0 -0.0 -0.0
0.0 -0.0 -0.0
1.4720001220703125 -0.37861207127571106 -0.3313560485839844
1.4240000247955322 -0.4331083595752716 -0.32086893916130066
0.0 -0.0 -0.0
1.4260001182556152 -0.5680838823318481 -0.32202380895614624
3.5530002117156982 -1.5833740234375 -0.8032436370849609
3.5530002117156982 -1.7515877485275269 -0.8041000366210938
3.491000175476074 -1.8864529132843018 -0.7908360362052917
3.619000196456909 -2.1271302700042725 -0.8205145597457886
3.5430002212524414 -2.250216007232666 -0.8038064241409302
3.5430002212524414 -2.4176454544067383 -0.8041562438011169
3.5320000648498535 -2.5765490531921387 -0.8018152117729187
3.491000175476074 -2.7104647159576416 -0.7924588322639465
0.0 -0.0 -0.0
0.0 -0.0 -0.0
0.0 -0.0 -0.0
0.0 -0.0 -0.0
0.0 0.0 -0.0
0.0 0.0 -0.0
0.0 0.0 -0.0
0.0 0.0 -0.0
0.0 0.0 -0.0
1.349000096321106 1.0484256744384766 -0.3703852593898773
1.3450000286102295 0.981961727142334 -0.36930498480796814
1.343000054359436 0.917003870010376 -0.3686819076538086
1.3450000286102295 0.8545981645584106 -0.3690691292285919
1.3390001058578491 0.7871847152709961 -0.36718299984931946
1.349000096321106 0.7289374470710754 -0.3696165978908539
1.3340001106262207 0.6574302315711975 -0.36514970660209656
1.340000033378601 0.5967645049095154 -0.36639735102653503
1.349000096321106 0.5368313193321228 -0.36844146251678467
1.349000096321106 0.47303009033203125 -0.36802172660827637
1.349000096321106 0.4093884825706482 -0.3676150441169739
1.349000096321106 0.34591376781463623 -0.36723563075065613
1.3510000705718994 0.28302091360092163 -0.3674403429031372
1.3540000915527344 0.22025246918201447 -0.36796700954437256
1.349000096321106 0.15640315413475037 -0.36637967824935913
1.3550000190734863 0.09388086944818497 -0.36784628033638
1.3550000190734863 0.030727796256542206 -0.3677542507648468
1.3550000190734863 -0.03239685669541359 -0.3677353858947754
1.352000117301941 -0.09531891345977783 -0.3669752776622772
1.3550000190734863 -0.15870915353298187 -0.36791446805000305
1.349000096321106 -0.2209835797548294 -0.3664756417274475
1.3570001125335693 -0.2857520282268524 -0.3689000606536865
1.3550000190734863 -0.34882429242134094 -0.3686577379703522
1.3510000705718994 -0.41124269366264343 -0.36790958046913147
1.349000096321106 -0.4741336703300476 -0.3677314221858978
1.349000096321106 -0.5377711653709412 -0.3681103587150574
1.3540000915527344 -0.6037566065788269 -0.3698517680168152
1.378000020980835 -0.6796732544898987 -0.37677112221717834
0.0 -0.0 -0.0
3.4100000858306885 -2.0048770904541016 -0.9338425397872925
3.440000057220459 -2.1852235794067383 -0.9425707459449768
3.4800002574920654 -2.374886989593506 -0.9538470506668091
3.491000175476074 -2.5466551780700684 -0.9569538235664368
3.491000175476074 -2.7102580070495605 -0.9568096399307251
0.0 -0.0 -0.0
0.0 -0.0 -0.0
0.0 -0.0 -0.0
0.0 -0.0 -0.0
0.0 0.0 -0.0
0.0 0.0 -0.0
0.0 0.0 -0.0
0.0 0.0 -0.0
0.0 0.0 -0.0
1.3050000667572021 1.0141440629959106 -0.4198240041732788
1.3100000619888306 0.9564185738563538 -0.4214940667152405
1.315000057220459 0.8979898691177368 -0.4230637550354004
1.315000057220459 0.8357292413711548 -0.4229274392127991
1.309000015258789 0.769817054271698 -0.42077359557151794
1.3100000619888306 0.7081966400146484 -0.4207947850227356
1.3100000619888306 0.645983099937439 -0.42043381929397583
1.308000087738037 0.5829241871833801 -0.41938820481300354
1.3100000619888306 0.5217360258102417 -0.4195999205112457
1.315000057220459 0.4615306258201599 -0.42076316475868225
1.3100000619888306 0.39795464277267456 -0.4187370538711548
1.319000005722046 0.338591605424881 -0.4212111532688141
1.3130000829696655 0.27538299560546875 -0.41893497109413147
1.315000057220459 0.2141750454902649 -0.41926535964012146
1.315000057220459 0.15266315639019012 -0.41902047395706177
1.315000057220459 0.0912410169839859 -0.4188458323478699
1.3240001201629639 0.030082855373620987 -0.4216124415397644
1.315000057220459 -0.031457796692848206 -0.41872480511665344
1.3220000267028809 -0.09329533576965332 -0.4210101068019867
1.315000057220459 -0.15418514609336853 -0.418911874294281
1.308000087738037 -0.21449139714241028 -0.41688185930252075
1.3250000476837158 -0.2792970538139343 -0.42256540060043335
1.319000005722046 -0.33988460898399353 -0.4209686517715454
1.319000005722046 -0.401863157749176 -0.42132568359375
1.308000087738037 -0.46010032296180725 -0.4181918501853943
1.3130000829696655 -0.5238014459609985 -0.4201815724372864
1.318000078201294 -0.5880731344223022 -0.4221669137477875
1.3250000476837158 -0.6538719534873962 -0.42477062344551086
1.3450000286102295 -0.7273892760276794 -0.43150484561920166
0.0 -0.0 -0.0
3.501000165939331 -2.2243704795837402 -1.124351978302002
3.5430002212524414 -2.4180471897125244 -1.1380865573883057
3.371000051498413 -2.4590349197387695 -1.0828241109848022
3.450000047683716 -2.6780953407287598 -1.107926368713379
0.0 -0.0 -0.0
0.0 -0.0 -0.0
0.0 -0.0 -0.0
0.0 -0.0 -0.0
0.0 0.0 -0.0
0.0 0.0 -0.0
0.0 0.0 -0.0
0.0 0.0 -0.0
0.0 0.0 -0.0
1.308000087738037 1.0163344144821167 -0.48240986466407776
1.3030000925064087 0.951271653175354 -0.4806848466396332
1.3020000457763672 0.8891797661781311 -0.4803268313407898
1.309000015258789 0.8320823907852173 -0.48281383514404297
1.3100000619888306 0.7706598043441772 -0.48298853635787964
1.3050000667572021 0.7058207988739014 -0.4808657467365265
1.3020000457763672 0.6424211263656616 -0.4794117510318756
1.3020000457763672 0.580671489238739 -0.47901153564453125
1.3000000715255737 0.5181928873062134 -0.4778438210487366
1.3050000667572021 0.45846259593963623 -0.47923552989959717
1.3060001134872437 0.39716434478759766 -0.4791626036167145
1.309000015258789 0.33641698956489563 -0.47984617948532104
1.308000087738037 0.27467912435531616 -0.4791030287742615
1.309000015258789 0.21348370611667633 -0.47914600372314453
1.3030000925064087 0.1514865607023239 -0.47669243812561035
1.309000015258789 0.09096723794937134 -0.47870221734046936
1.308000087738037 0.02978288009762764 -0.4782301187515259
1.3050000667572021 -0.03123510256409645 -0.4771083891391754
1.3020000457763672 -0.09197874367237091 -0.4760679304599762
1.3020000457763672 -0.15282994508743286 -0.4762023389339447
1.3050000667572021 -0.21423660218715668 -0.4775070548057556
1.3000000715255737 -0.2743217349052429 -0.4759479761123657
1.2990000247955322 -0.33507153391838074 -0.47590482234954834
1.3020000457763672 -0.3970576524734497 -0.47736692428588867
1.2950000762939453 -0.4559158682823181 -0.47518491744995117
1.2930001020431519 -0.5162096619606018 -0.47484079003334045
1.2990000247955322 -0.5799648761749268 -0.477422833442688
1.2970000505447388 -0.6403850317001343 -0.4770336449146271
1.2990000247955322 -0.7027870416641235 -0.4780642092227936
1.3360000848770142 -0.7859264612197876 -0.49191343784332275
0.0 -0.0 -0.0
3.501000165939331 -2.3894336223602295 -1.2895634174346924
3.5320000648498535 -2.5762524604797363 -1.3008185625076294
3.440000057220459 -2.6698410511016846 -1.2664943933486938
0.0 -0.0 -0.0
0.0 -0.0 -0.0
0.0 -0.0 -0.0
0.0 -0.0 -0.0
0.0 0.0 -0.0
0.0 0.0 -0.0
0.0 0.0 -0.0
0.0 0.0 -0.0
0.0 0.0 -0.0
1.3220000267028809 1.027002215385437 -0.5497956275939941
1.3330000638961792 0.9730733633041382 -0.5545645356178284
1.3280000686645508 0.9069501757621765 -0.5525623559951782
1.3300000429153442 0.8455546498298645 -0.5533570647239685
1.3280000686645508 0.7814714908599854 -0.5523790717124939
1.3220000267028809 0.7153210639953613 -0.5496418476104736
1.3280000686645508 0.6556239128112793 -0.5518131852149963
1.3250000476837158 0.5913494825363159 -0.5501825213432312
1.315000057220459 0.5246157050132751 -0.5456082820892334
1.3130000829696655 0.46172210574150085 -0.5443375110626221
1.3130000829696655 0.3997287154197693 -0.5438972115516663
1.315000057220459 0.33836427330970764 -0.5443049073219299
1.315000057220459 0.2765076160430908 -0.5439215898513794
1.3130000829696655 0.21443432569503784 -0.5427638292312622
1.3130000829696655 0.15287736058235168 -0.542497992515564
1.3100000619888306 0.09118711203336716 -0.5410670638084412
1.318000078201294 0.03007962927222252 -0.5442591309547424
1.309000015258789 -0.031345367431640625 -0.5405142903327942
1.309000015258789 -0.09256929159164429 -0.5405689477920532
1.3130000829696655 -0.15429462492465973 -0.5423555970191956
1.3130000829696655 -0.2157929688692093 -0.5425639152526855
1.309000015258789 -0.27652209997177124 -0.5411826968193054
1.3020000457763672 -0.3361906111240387 -0.5386102795600891
1.3020000457763672 -0.3974331021308899 -0.5389685034751892
1.2960000038146973 -0.45665422081947327 -0.5368605852127075
1.2950000762939453 -0.5173878073692322 -0.5368222594261169
1.2930001020431519 -0.5776390433311462 -0.5363489389419556
1.2960000038146973 -0.6401990056037903 -0.5379099249839783
1.2970000505447388 -0.7019479274749756 -0.538581907749176
1.3000000715255737 -0.7649099230766296 -0.5400068759918213
0.0 -0.0 -0.0
3.1640000343322754 -2.159332275390625 -1.3144536018371582
3.242000102996826 -2.3643500804901123 -1.346530795097351
3.5530002117156982 -2.756835460662842 -1.4750375747680664
0.0 -0.0 -0.0
0.0 -0.0 -0.0
0.0 -0.0 -0.0
0.0 -0.0 -0.0
0.0 0.0 -0.0
0.0 0.0 -0.0
0.0 0.0 -0.0
0.0 0.0 -0.0
0.0 0.0 -0.0
0.0 0.0 -0.0
0.0 0.0 -0.0
0.0 0.0 -0.0
0.0 0.0 -0.0
0.0 0.0 -0.0
0.0 0.0 -0.0
0.0 0.0 -0.0
3.38100004196167 1.5099424123764038 -1.5640392303466797
0.0 0.0 -0.0
1.3390001058578491 0.47130832076072693 -0.6186027526855469
0.0 0.0 -0.0
0.0 0.0 -0.0
0.0 0.0 -0.0
0.0 0.0 -0.0
1.3420000076293945 0.15649013221263885 -0.6181621551513672
1.3280000686645508 0.09259602427482605 -0.6115192174911499
1.3450000286102295 0.03076998144388199 -0.6192310452461243
1.3480000495910645 -0.03229055553674698 -0.6205794215202332
1.3360000848770142 -0.09457291662693024 -0.6151056885719299
1.3360000848770142 -0.15716959536075592 -0.6152358651161194
1.343000054359436 -0.2209664136171341 -0.6186630725860596
1.343000054359436 -0.28400567173957825 -0.618929386138916
1.346000075340271 -0.3478974997997284 -0.6206277012825012
1.3540000915527344 -0.4136803150177002 -0.6246668696403503
1.3420000076293945 -0.47324085235595703 -0.6194918155670166
1.3220000267028809 -0.5285341739654541 -0.6106084585189819
1.3390001058578491 -0.5985179543495178 -0.6187856793403625
1.3130000829696655 -0.6488637924194336 -0.6070403456687927
1.2950000762939453 -0.7010553479194641 -0.5989161729812622
1.2960000038146973 -0.7626557350158691 -0.5994902849197388
1.3130000829696655 -0.8343966007232666 -0.6073650121688843
3.122000217437744 -2.1303884983062744 -1.4439274072647095
3.130000114440918 -2.2821130752563477 -1.4471068382263184
3.130000114440918 -2.427800416946411 -1.4463132619857788
0.0 -0.0 -0.0
0.0 -0.0 -0.0
0.0 -0.0 -0.0
0.0 -0.0 -0.0
0.0 0.0 -0.0
0.0 0.0 -0.0
0.0 0.0 -0.0
0.0 0.0 -0.0
0.0 0.0 -0.0
3.4800002574920654 2.701711654663086 -1.7741950750350952
0.0 0.0 -0.0
3.450000047683716 2.355635166168213 -1.760504126548767
3.371000051498413 2.1432197093963623 -1.7205229997634888
3.501000165939331 2.0608630180358887 -1.78690505027771
3.4600002765655518 1.8733454942703247 -1.7657229900360107
3.391000270843506 1.6756724119186401 -1.7300130128860474
3.4100000858306885 1.5237678289413452 -1.7390034198760986
3.2960002422332764 1.3169411420822144 -1.6800414323806763
3.371000051498413 1.1875711679458618 -1.7173330783843994
3.5320000648498535 1.0775065422058105 -1.7983310222625732
3.38100004196167 0.8719819784164429 -1.7204844951629639
0.0 0.0 -0.0
3.391000270843506 0.5553317070007324 -1.7238762378692627
3.2690000534057617 0.38176068663597107 -1.6612274646759033
3.3430001735687256 0.23348356783390045 -1.6983591318130493
3.371000051498413 0.0773107036948204 -1.7122955322265625
0.0 -0.0 -0.0
0.0 -0.0 -0.0
3.440000057220459 -0.4051002860069275 -1.7476613521575928
3.450000047683716 -0.5682171583175659 -1.7532167434692383
3.2690000534057617 -0.6919799447059631 -1.661824107170105
0.0 -0.0 -0.0
1.371000051498413 -0.41921862959861755 -0.6975643038749695
1.3630000352859497 -0.48098820447921753 -0.6938130855560303
1.4270000457763672 -0.5708478093147278 -0.7267090082168579
1.346000075340271 -0.6019186973571777 -0.6857216358184814
1.308000087738037 -0.646593451499939 -0.6665601134300232
1.2860000133514404 -0.6962991952896118 -0.6554673910140991
1.283000111579895 -0.7550247311592102 -0.6539642810821533
1.3000000715255737 -0.8260447382926941 -0.662548840045929
0.0 -0.0 -0.0
3.122000217437744 -2.275505542755127 -1.5899176597595215
3.1060001850128174 -2.4081552028656006 -1.5807582139968872
0.0 -0.0 -0.0
0.0 -0.0 -0.0
0.0 -0.0 -0.0
0.0 -0.0 -0.0
