-0.0 0.0 0.0
7.743358112596969e-39 -0.0 0.0
0.0 8.019935193097687e-39 -0.0
0.0 0.0 8.112130822961009e-39
-0.0 0.0 0.0
8.389077846256309e-39 -0.0 0.0
0.0 7.8366257357855e-39 -1.5963537693023682
2.058000087738037 1.179831862449646 8.389077846256309e-39
-1.5004887580871582 2.058000087738037 1.1806203126907349
7.741547634981061e-39 -1.413861870765686 2.072000026702881
1.1892815828323364 8.296880815094522e-39 -1.316731572151184
2.072000026702881 1.1897295713424683 8.390155444775375e-39
-1.2393536567687988 2.1060001850128174 1.209518313407898
8.390155444775375e-39 -1.141785740852356 2.1090002059936523
1.21132493019104 8.481273476119632e-39 -1.040820837020874
2.1060001850128174 1.2095191478729248 8.57454670450202e-39
-0.9480960965156555 2.121000051498413 1.2179077863693237
7.92918009805569e-39 -0.8491232991218567 2.124000072479248
1.219290018081665 8.666742334365343e-39 -0.7477654814720154
2.121000051498413 1.2171469926834106 8.849695861867591e-39
-0.6430779099464417 2.1060001850128174 1.2080743312835693
8.112486752770948e-39 -0.5535670518875122 2.1440000534057617
1.2293848991394043 8.113568555185407e-39 -0.4533904492855072
2.1480000019073486 1.2312076091766357 8.574549507098949e-39
-0.3540820777416229 2.1590001583099365 1.2370847463607788
8.389799514965436e-39 -0.25125595927238464 2.1480000019073486
1.2304246425628662 8.574549507098949e-39 -0.15107908844947815
2.1590001583099365 1.2364541292190552 8.57454670450202e-39
-0.050590336322784424 2.199000120162964 1.25918710231781
8.757503034601197e-39 0.052571602165699005 2.195000171661377
1.2568295001983643 8.666742334365343e-39 0.15833264589309692
2.2330000400543213 1.2786288261413574 8.481995144828759e-39
0.26367756724357605 2.236999988555908 1.2810636758804321
8.389799514965436e-39 0.3681238889694214 2.2330000400543213
1.2790069580078125 8.574549507098949e-39 0.47564375400543213
2.245000123977661 1.286186933517456 8.299041617326511e-39
0.5791809558868408 2.236999988555908 1.2819558382034302
8.114650357599865e-39 0.6884536743164062 2.25
1.2897779941558838 7.654393876992379e-39 0.8035879731178284
2.2760000228881836 1.3050432205200195 7.653672208283252e-39
0.9107869863510132 2.2760000228881836 1.3053542375564575
7.654749806802318e-39 1.017966389656067 2.2760000228881836
1.3055789470672607 7.653672208283252e-39 1.1315010786056519
2.2890000343322754 1.3131403923034668 7.561476578419929e-39
1.2488352060317993 2.307000160217285 1.3234176635742188
7.562551374342066e-39 1.364723563194275 2.320000171661377
1.3306450843811035 7.28632461845743e-39 1.4707744121551514
2.31600022315979 1.3279228210449219 6.640599279604232e-39
1.5454567670822144 2.267000198364258 1.299207091331482
7.008302799239993e-39 1.6509028673171997 2.267000198364258
1.2983896732330322 7.101576027622381e-39 1.7939273118972778
2.31600022315979 1.325437068939209 7.65367501088018e-39
0.0 0.0 0.0
8.84575541058591e-39 0.0 0.0
0.0 1.3178224141557556e-38 0.0
0.0 0.0 2.3509885615147286e-38
0.0 0.0 0.0
2.3326211820234375e-38 -0.0 0.0
0.0 7.653319081070242e-39 -0.0
0.0 0.0 8.481273476119632e-39
-0.0 0.0 0.0
8.389077846256309e-39 -0.0 0.0
0.0 8.296880815094522e-39 -0.0
0.0 0.0 8.665307404737874e-39
-1.7166630029678345 2.2120001316070557 1.1646313667297363
8.482351074638697e-39 -1.628771185874939 2.2330000400543213
1.1763912439346313 8.757500232004268e-39 -1.529678225517273
2.241000175476074 1.1811192035675049 8.665304602140945e-39
-1.4218785762786865 2.236999988555908 1.1793193817138672
8.94225022413778e-39 -1.321245551109314 2.245000123977661
1.1836433410644531 8.758937964228665e-39 -1.2391408681869507
2.2890000343322754 1.206755518913269 8.666742334365343e-39
-1.113710641860962 2.254000186920166 1.18804931640625
8.94225022413778e-39 -1.01297128200531 2.267000198364258
1.1945041418075562 8.758940766825594e-39 -0.9253852963447571
2.31600022315979 1.2198073863983154 8.57454670450202e-39
-0.8127859830856323 2.307000160217285 1.2144817113876343
8.665304602140945e-39 -0.7078421115875244 2.320000171661377
1.2207019329071045 8.113571357782335e-39 -0.607982873916626
2.3570001125335693 1.2395390272140503 8.849695861867591e-39
-0.4961267113685608 2.3530001640319824 1.2368426322937012
8.481273476119632e-39 -0.38003116846084595 2.320000171661377
1.218977928161621 8.112133625557938e-39 -0.2715977430343628
2.325000047683716 1.2211763858795166 8.021375727919012e-39
-0.16181451082229614 2.31600022315979 1.2161325216293335
8.574549507098949e-39 -0.053242892026901245 2.320000171661377
1.21803879737854 8.666745136962271e-39 0.0
0.0 0.0 8.573840450076e-39
0.16736537218093872 2.3620002269744873 1.2400895357131958
9.491480749439107e-39 0.0 0.0
0.0 1.3361180471656732e-38 0.0
0.0 0.0 2.3509168150333552e-38
0.5010979175567627 2.367000102996826 1.2436044216156006
2.3326214622831303e-38 0.6134364008903503 2.371000051498413
1.2461689710617065 2.3326211820234375e-38 0.7280853986740112
2.38100004196167 1.2519264221191406 2.3326211820234375e-38
0.8790519833564758 2.491000175476074 1.3102912902832031
7.467850222824531e-39 0.9720423221588135 2.430000066757202
1.2786825895309448 8.112130822961009e-39 1.0977559089660645
2.455000162124634 1.2922444343566895 7.008299996643064e-39
1.2416027784347534 2.51200008392334 1.3225456476211548
6.823908736916419e-39 1.3631008863449097 2.5180001258850098
1.3258475065231323 8.114647555002937e-39 1.409080982208252
2.3950002193450928 1.2610399723052979 2.3509885615147286e-38
1.4972543716430664 2.3570001125335693 1.2407923936843872
2.3509882812550357e-38 1.601328730583191 2.3480000495910645
1.2356053590774536 2.3326211820234375e-38 1.658286452293396
2.2760000228881836 1.1970759630203247 2.3326211820234375e-38
1.8127741813659668 2.3390002250671387 1.229354739189148
2.3326211820234375e-38 0.0 0.0
0.0 2.3326211820234375e-38 0.0
0.0 0.0 2.3326211820234375e-38
0.0 0.0 0.0
2.3326211820234375e-38 0.0 0.0
0.0 2.3326211820234375e-38 -0.0
0.0 0.0 8.940822301002634e-39
-0.0 0.0 0.0
8.66422700362188e-39 -0.0 0.0
0.0 1.6960030220197336e-38 -0.0
0.0 0.0 8.38872191644637e-39
-0.0 0.0 0.0
8.481273476119632e-39 -1.8338314294815063 2.3620002269744873
1.1328835487365723 8.849695861867591e-39 -1.7409366369247437
2.386000156402588 1.1449824571609497 8.941894294327842e-39
-1.6221755743026733 2.376000165939331 1.1405582427978516
9.860259064997005e-39 -0.0 0.0
0.0 1.3450139102067465e-38 -0.0
0.0 0.0 2.3509168150333552e-38
-1.2886799573898315 2.38100004196167 1.1428152322769165
2.3326214622831303e-38 -1.176038384437561 2.38100004196167
1.1424012184143066 2.3326211820234375e-38 -1.0696154832839966
2.3950002193450928 1.1485668420791626 2.3326211820234375e-38
-0.9966428279876709 2.496000051498413 1.196326732635498
7.8366257357855e-39 -0.8937979936599731 2.5390000343322754
1.216186285018921 8.942970491548444e-39 -0.7739271521568298
2.5390000343322754 1.2154158353805542 9.126645687759819e-39
-0.6542267203330994 2.5390000343322754 1.2146644592285156
8.94225022413778e-39 -0.5347070097923279 2.5390000343322754
1.213968276977539 9.494346404798651e-39 -0.399166077375412
2.440000057220459 1.1660480499267578 2.3509885615147286e-38
-0.27715784311294556 2.376000165939331 1.1349989175796509
2.3326211820234375e-38 -0.16573579609394073 2.376000165939331
1.134658932685852 2.3326211820234375e-38 -0.0
0.0 0.0 2.3326211820234375e-38
0.0 0.0 0.0
2.3326211820234375e-38 0.0 0.0
0.0 2.3326211820234375e-38 0.0
0.0 0.0 2.3326211820234375e-38
0.0 0.0 0.0
2.3326211820234375e-38 0.0 0.0
0.0 2.3326211820234375e-38 0.663578987121582
2.567000150680542 1.2273406982421875 2.3234376324076384e-38
0.831115186214447 2.7200000286102295 1.3011571168899536
1.299922788091856e-38 0.9571247100830078 2.7140002250671387
1.2989693880081177 8.206845987463188e-39 1.0950735807418823
2.739000082015991 1.3116008043289185 7.839141066528963e-39
1.2300814390182495 2.752000093460083 1.3184281587600708
8.115369223712064e-39 1.359891414642334 2.752000093460083
1.3189188241958618 7.929901766764817e-39 1.492868423461914
2.758000135421753 1.3221317529678345 7.746948239262569e-39
1.6344764232635498 2.7780001163482666 1.3318662643432617
8.20649005765325e-39 1.7605421543121338 2.7710001468658447
1.3284341096878052 8.115369223712064e-39 1.9360707998275757
2.8380000591278076 1.3602272272109985 8.114650357599865e-39
2.0882561206817627 2.8650002479553223 1.3725793361663818
7.746948239262569e-39 2.2214982509613037 2.8650002479553223
1.3717389106750488 7.929901766764817e-39 0.0
0.0 0.0 8.115372026308993e-39
0.0 0.0 0.0
8.114294427789927e-39 0.0 0.0
0.0 8.022100199225068e-39 0.0
0.0 0.0 7.65367501088018e-39
-0.0 0.0 0.0
8.108892422209955e-39 -0.0 0.0
0.0 1.0137553610311457e-38 -0.0
0.0 0.0 2.3234379126673312e-38
-0.0 0.0 0.0
2.3326214622831303e-38 -0.0 0.0
0.0 2.3326214622831303e-38 -0.0
0.0 0.0 2.3326214622831303e-38
-0.0 0.0 0.0
2.3326214622831303e-38 -0.0 0.0
0.0 2.3326214622831303e-38 -0.0
0.0 0.0 2.3326211820234375e-38
-0.0 0.0 0.0
2.3326211820234375e-38 -0.0 0.0
0.0 2.3326211820234375e-38 -1.3463138341903687
2.7270002365112305 1.1794120073318481 2.3234376324076384e-38
-1.2113384008407593 2.7140002250671387 1.1730568408966064
2.028519937216298e-38 -1.0928410291671753 2.739000082015991
1.1830294132232666 9.402875246241384e-39 -0.9837365746498108
2.7970001697540283 1.2071796655654907 9.310676813781133e-39
-0.8516929149627686 2.7970001697540283 1.2062722444534302
9.495068073507778e-39 -0.7198784351348877 2.7970001697540283
1.2054005861282349 9.126645687759819e-39 -0.5828307271003723
2.7710001468658447 1.1934049129486084 9.495068073507778e-39
-0.46576550602912903 2.8510000705718994 1.2271538972854614
9.770575963280216e-39 -0.3385954797267914 2.9070000648498535
1.2506773471832275 9.495070876104707e-39 -0.20097535848617554
2.886000156402588 1.2412248849868774 9.495068073507778e-39
-0.06673154979944229 2.9220001697540283 1.2564598321914673
9.495068073507778e-39 0.07030285894870758 2.936000108718872
1.2624136209487915 9.495068073507778e-39 0.2076653093099594
2.936000108718872 1.2625300884246826 9.58726650596803e-39
0.35038331151008606 2.9810001850128174 1.2821770906448364
9.495070876104707e-39 0.48757287859916687 2.9660000801086426
1.2761824131011963 9.402872443644456e-39 0.6281665563583374
2.9730000495910645 1.2797926664352417 9.310676813781133e-39
0.7639274597167969 2.9580001831054688 1.2740424871444702
9.12628975794988e-39 0.9055027365684509 2.9660000801086426
1.278273582458496 8.757503034601197e-39 1.0529613494873047
2.9880001544952393 1.288583755493164 8.758940766825594e-39
1.2030621767044067 3.011000156402588 1.2993303537368774
8.666745136962271e-39 1.3451775312423706 3.011000156402588
1.3001034259796143 8.483072743347825e-39 1.4912923574447632
3.0190000534057617 1.304229974746704 8.299041617326511e-39
1.6592246294021606 3.06600022315979 1.3250653743743896
7.837706136901494e-39 1.8614436388015747 3.1640000343322754
1.367766261100769 8.02209739662814e-39 2.0154354572296143
3.1720001697540283 1.371334433555603 7.65367501088018e-39
2.16432523727417 3.1720001697540283 1.3711791038513184
7.562554176938995e-39 2.331665277481079 3.198000192642212
1.381980061531067 7.839141066528963e-39 2.4946296215057373
3.2160000801086426 1.3890362977981567 7.654749806802318e-39
0.0 0.0 0.0
7.562198247129056e-39 0.0 0.0
0.0 7.654749806802318e-39 0.0
0.0 0.0 4.7956076825202485e-39
0.0 0.0 0.0
4.79452588010579e-39 -0.0 0.0
0.0 9.954615497092316e-39 -0.0
0.0 0.0 9.770573160683288e-39
-0.0 0.0 0.0
9.955321751518336e-39 -0.0 0.0
0.0 1.0231911443705233e-38 -0.0
0.0 0.0 9.861691192027544e-39
-2.2870147228240967 2.944000244140625 1.135346531867981
1.0047520183978587e-38 -2.1328392028808594 2.9220001697540283
1.1272262334823608 1.0047520183978587e-38 -2.019819736480713
2.9580001831054688 1.1412297487258911 9.955321751518336e-39
-1.885183334350586 2.9660000801086426 1.1441822052001953
9.956043420227463e-39 -1.7624229192733765 2.996000051498413
1.1553840637207031 9.679816664342826e-39 -1.6285210847854614
3.011000156402588 1.1605870723724365 9.954965821708397e-39
-1.4857310056686401 3.011000156402588 1.1598334312438965
9.586542034661974e-39 -1.3603835105895996 3.0500001907348633
1.1739614009857178 9.49506527091085e-39 -1.2581943273544312
3.1560001373291016 1.2137473821640015 9.679816664342826e-39
-1.0717052221298218 3.0500001907348633 1.1719636917114258
9.58761963318104e-39 -0.9675886631011963 3.181000232696533
1.2212469577789307 9.494346404798651e-39 -0.8090057969093323
3.1470000743865967 1.2072033882141113 9.494346404798651e-39
-0.6717814803123474 3.198000192642212 1.2258539199829102
9.493990474988712e-39 -0.5174928903579712 3.1720001697540283
1.2151079177856445 9.586542034661974e-39 -0.36996015906333923
3.181000232696533 1.2179286479949951 9.402869641047527e-39
-0.22233566641807556 3.198000192642212 1.2239841222763062
9.770575963280216e-39 -0.07386770844459534 3.242000102996826
1.2405587434768677 1.0230120584267825e-38 0.0778137743473053
3.251000165939331 1.2439377307891846 1.0047164254168649e-38
0.22907768189907074 3.242000102996826 1.2406302690505981
1.0230476514077764e-38 0.3785287141799927 3.2240002155303955
1.2340697050094604 9.76949836476115e-39 0.5323565006256104
3.242000102996826 1.2414675951004028 9.770575963280216e-39
0.7055923342704773 3.3430001735687256 1.2808289527893066
9.40179484512539e-39 0.8697173595428467 3.371000051498413
1.292380690574646 9.40179484512539e-39 1.0282050371170044
3.371000051498413 1.2933013439178467 9.125206554236957e-39
1.1573851108551025 3.2870001792907715 1.2620251178741455
8.665307404737874e-39 1.3539464473724365 3.391000270843506
1.302943468093872 8.297606687699042e-39 1.5096110105514526
3.38100004196167 1.3000437021255493 7.929898964167888e-39
1.6550557613372803 3.3520002365112305 1.2897340059280396
7.929901766764817e-39 1.8291383981704712 3.38100004196167
1.3015954494476318 7.561476578419929e-39 2.0593669414520264
3.501000165939331 1.3483225107192993 7.285968688647491e-39
2.2244060039520264 3.501000165939331 1.3486123085021973
7.008302799239993e-39 2.3474068641662598 3.440000057220459
1.3251314163208008 6.456206618579123e-39 2.631141424179077
3.6080002784729004 1.3895642757415771 6.547317643431058e-39
2.732821464538574 3.5220000743865967 1.3558688163757324
8.48018746980978e-39 0.0 0.0
0.0 8.850051791677529e-39 0.0
0.0 0.0 7.931694027500689e-39
0.0 0.0 0.0
7.469278145959678e-39 0.0 0.0
0.0 6.823908736916419e-39 -0.0
0.0 0.0 1.0230123386864754e-38
-0.0 0.0 0.0
1.0322669341344158e-38 -0.0 0.0
0.0 1.0230470908883907e-38 -0.0
0.0 0.0 1.0047517381381658e-38
-0.0 0.0 0.0
9.955321751518336e-39 -2.546938180923462 3.2780001163482666
1.1098400354385376 9.955321751518336e-39 -2.360032081604004
3.2330000400543213 1.094852089881897 9.586539232065045e-39
-2.2013721466064453 3.2240002155303955 1.0917935371398926
9.679816664342826e-39 -2.0888683795928955 3.2870001792907715
1.11286199092865 9.402869641047527e-39 -1.9277384281158447
3.2780001163482666 1.1093156337738037 9.494346404798651e-39
-1.8121660947799683 3.3520002365112305 1.1336404085159302
9.586542034661974e-39 -1.6624176502227783 3.371000051498413
1.1391761302947998 9.770573160683288e-39 -1.5377106666564941
3.450000047683716 1.1648365259170532 9.495068073507778e-39
-1.3427902460098267 3.371000051498413 1.1370762586593628
9.494346404798651e-39 -1.2005722522735596 3.4200000762939453
1.1524748802185059 9.402150774935328e-39 -1.0543756484985352
3.4700002670288086 1.168198585510254 8.47983434259677e-39
-0.9015308618545532 3.511000156402588 1.1809284687042236
9.309596412665138e-39 -0.7072337865829468 3.371000051498413
1.1329106092453003 9.677299932300899e-39 -0.5704004168510437
3.501000165939331 1.1757750511169434 9.217400782801816e-39
-0.41019219160079956 3.5320000648498535 1.1855217218399048
9.862772994442003e-39 -0.24516810476779938 3.5320000648498535
1.1850467920303345 9.311029940994143e-39 -0.08077749609947205
3.5530002117156982 1.191819429397583 1.9310607500612785e-39
0.08476125448942184 3.5430002212524414 1.1884033679962158
2.485672261465612e-39 0.24931471049785614 3.5320000648498535
1.184862494468689 2.0286597868030377e-39 0.4155257046222687
3.5430002212524414 1.1889052391052246 7.408034396576362e-40
0.5936091542243958 3.619000196456909 1.2149611711502075
6.826070940446872e-39 0.7491183280944824 3.5530002117156982
1.1935149431228638 5.995229870560974e-39 0.9157520532608032
3.5530002117156982 1.1943657398223877 6.45404441504867e-39
1.1028248071670532 3.619000196456909 1.2175261974334717
6.086342296711373e-39 1.2390961647033691 3.5220000743865967
1.1859053373336792 6.178542130470089e-39 1.4175959825515747
3.5530002117156982 1.1973849534988403 6.270737760333412e-39
1.6247059106826782 3.641000270843506 1.2280795574188232
6.546964516218048e-39 1.7485090494155884 3.5430002212524414
1.1959564685821533 6.362930587599806e-39 1.9047366380691528
3.5220000743865967 1.1896659135818481 6.456203815982194e-39
2.0835952758789062 3.5430002212524414 1.1973867416381836
6.456206618579123e-39 2.2305335998535156 3.511000156402588
1.186978816986084 6.456203815982194e-39 2.424564838409424
3.5530002117156982 1.2013386487960815 6.456203815982194e-39
2.5607388019561768 3.511000156402588 1.187027096748352
6.271812556255549e-39 2.8087267875671387 3.619000196456909
1.2231403589248657 9.4021479723384e-39 0.0
0.0 0.0 1.0695046191358442e-38
0.0 0.0 0.0
9.589780435413028e-39 0.0 0.0
0.0 9.128442152391083e-39 0.0
0.0 0.0 8.483072743347825e-39
-0.0 0.0 0.0
1.1516899332894161e-38 -0.0 0.0
0.0 1.0966232476666902e-38 -0.0
0.0 0.0 1.0413058697486966e-38
-0.0 0.0 0.0
9.95459728021228e-39 -0.0 0.0
0.0 9.402145169741471e-39 -2.8293259143829346
3.641000270843506 1.0612027645111084 2.4842345292412146e-39
-2.593690872192383 3.5530002117156982 1.0356940031051636
2.7618990173502485e-39 -2.4189834594726562 3.5430002212524414
1.0326611995697021 2.3956360325358137e-39 -2.299386501312256
3.619000196456909 1.0544413328170776 2.3938451730984066e-39
-2.0705559253692627 3.5220000743865967 1.0255961418151855
1.9353837558237206e-39 -1.9734619855880737 3.6520001888275146
1.062651515007019 7.653669405686323e-39 -1.7511630058288574
3.5530002117156982 1.0329148769378662 7.377081114797891e-39
-1.587416410446167 3.564000129699707 1.0350732803344727
7.376003516278825e-39 -1.4404093027114868 3.619000196456909
1.0499292612075806 7.651511406051263e-39 -1.2426098585128784
3.5430002212524414 1.026771903038025 7.74370843721305e-39
-1.0784991979599 3.5530002117156982 1.0285871028900146
7.74370843721305e-39 -0.9667091965675354 3.769000291824341
1.090043306350708 7.74370843721305e-39 -0.7537531852722168
3.5970001220703125 1.0393781661987305 7.74370843721305e-39
-0.5781411528587341 3.5530002117156982 1.02588951587677
8.018857594578621e-39 -0.418454647064209 3.6080002784729004
1.0411453247070312 8.203254459499123e-39 -0.2455698400735855
3.5430002212524414 1.0219515562057495 8.756425436082131e-39
-0.0808665081858635 3.564000129699707 1.0277596712112427
8.940816695808776e-39 0.08627074956893921 3.6080002784729004
1.04039466381073 8.940816695808776e-39 0.2567559778690338
3.641000270843506 1.0500566959381104 8.666745136962271e-39
0.4227038621902466 3.6080002784729004 1.0408766269683838
8.666745136962271e-39 0.5965895056724548 3.641000270843506
1.0509177446365356 9.404310175868853e-39 0.7668889164924622
3.641000270843506 1.0516005754470825 8.02209739662814e-39
0.9122907519340515 3.5430002212524414 1.0240932703018188
7.929901766764817e-39 1.0917867422103882 3.5860002040863037
1.03743314743042 7.929901766764817e-39 1.2567170858383179
3.575000286102295 1.0352271795272827 8.667466805671399e-39
1.4165751934051514 3.5530002117156982 1.029854416847229
8.667466805671399e-39 1.5800037384033203 3.5430002212524414
1.0279351472854614 8.852937065215574e-39 1.7742667198181152
3.5970001220703125 1.044534683227539 9.220640584851335e-39
1.9094091653823853 3.5320000648498535 1.0264688730239868
9.129882687212409e-39 2.0830414295196533 3.5430002212524414
1.0303285121917725 8.576710309330937e-39 2.319767475128174
3.6520001888275146 1.0625149011611938 7.932418498806744e-39
2.42448091506958 3.5530002117156982 1.033965826034546
7.839864136536555e-39 2.6236472129821777 3.5970001220703125
1.0467808246612549 7.746942634068712e-39 2.7921082973480225
3.5970001220703125 1.0465338230133057 1.0140434679954108e-38
0.0 0.0 0.0
1.1063472781001794e-38 0.0 0.0
0.0 1.0787967693826285e-38 0.0
0.0 0.0 9.866007191297665e-39
0.0 0.0 0.0
9.220637782254406e-39 -0.0 0.0
0.0 9.308521616743001e-39 -0.0
0.0 0.0 9.30887754655294e-39
-0.0 0.0 0.0
9.309952342475077e-39 -0.0 0.0
0.0 9.4021479723384e-39 -0.0
0.0 0.0 9.309952342475077e-39
-2.838088274002075 3.6520001888275146 0.8922561407089233
9.309952342475077e-39 -2.7075345516204834 3.7090001106262207
0.9062296748161316 9.309952342475077e-39 -2.548419237136841
3.7330002784729004 0.9119051098823547 9.034447255299568e-39
-2.3198466300964355 3.6520001888275146 0.8917151689529419
8.94225022413778e-39 -2.1797754764556885 3.7090001106262207
0.9050244688987732 9.12664288516289e-39 -1.9666529893875122
3.641000270843506 0.8876700401306152 9.12664288516289e-39
-1.8329585790634155 3.7210001945495605 0.9062645435333252
9.587263703371101e-39 -1.620651364326477 3.641000270843506
0.8858025670051575 1.0140437482551037e-38 -1.461595058441162
3.6750001907348633 0.8930405974388123 1.0601059702057712e-38
-1.256626009941101 3.5860002040863037 0.870398998260498
1.0418106174555464e-38 -1.074461817741394 3.5430002212524414
0.8589919805526733 1.0510301804418787e-38 -0.9444670081138611
3.686000108718872 0.8927217125892639 1.0325910544692141e-38
-0.7621505260467529 3.641000270843506 0.8809934854507446
9.680541135648882e-39 -0.5917824506759644 3.641000270843506
0.8802890777587891 9.219918916142207e-39 -0.42176902294158936
3.641000270843506 0.8797312378883362 9.679463537129817e-39
-0.24524538218975067 3.5430002212524414 0.8556676506996155
1.0970202355216334e-38 -0.0790708065032959 3.491000175476074
0.8428953886032104 1.1431179103234483e-38 0.08517414331436157
3.564000129699707 0.860477089881897 1.1247513716112358e-38
0.2496183067560196 3.5430002212524414 0.8555362224578857
1.1247513716112358e-38 0.4171457588672638 3.564000129699707
0.8609057068824768 1.1155674016058974e-38 0.5978143811225891
3.6520001888275146 0.8826304078102112 9.404680118663435e-39
0.768484354019165 3.6520001888275146 0.8832440972328186
9.497231678336696e-39 0.9310286045074463 3.619000196456909
0.8759943246841431 9.128089025178074e-39 1.1212984323501587
3.686000108718872 0.8930556178092957 9.405036048473373e-39
1.2406576871871948 3.5320000648498535 0.8566173315048218
9.867093197607517e-39 1.4287642240524292 3.5860002040863037
0.870631754398346 9.774898969042658e-39 1.6129515171051025
3.619000196456909 0.8795633316040039 9.77489616644573e-39
1.7734037637710571 3.5970001220703125 0.8750839829444885
1.0051127126225759e-38 1.8919261693954468 3.501000165939331
0.8524891138076782 9.499747009080159e-39 2.0759992599487305
3.5320000648498535 0.8606805801391602 9.038408726058214e-39
2.2101335525512695 3.4800002574920654 0.8484869003295898
8.762181970173577e-39 2.4174885749816895 3.5430002212524414
0.8641453385353088 8.577787907850003e-39 2.5763015747070312
3.5320000648498535 0.8615502119064331 8.485233545579813e-39
2.7178921699523926 3.501000165939331 0.8538568019866943
1.0696125191175972e-38 0.0 0.0
0.0 1.1709198119854991e-38 0.0
0.0 0.0 1.1433693032679482e-38
0.0 0.0 0.0
1.0602853364092048e-38 0.0 0.0
0.0 9.222076915777268e-39 -0.0
0.0 0.0 1.1243193512946845e-38
-0.0 0.0 0.0
1.1153509009931592e-38 -0.0 0.0
0.0 1.1062748309695738e-38 -0.0
0.0 0.0 1.1615568961662664e-38
-0.0 0.0 0.0
1.1615924891472603e-38 -3.0760204792022705 3.9580001831054688
0.7803749442100525 1.2076545709680814e-38 -2.7775142192840576
3.805000066757202 0.7501959800720215 1.1799963023986238e-38
-2.5399186611175537 3.7210001945495605 0.7334261536598206
1.1340418402998629e-38 -2.3936588764190674 3.769000291824341
0.7424896359443665 1.1063472781001794e-38 -2.207307815551758
3.757000207901001 0.7395644783973694 1.0049679584912112e-38
-2.0608904361724854 3.817000150680542 0.7506657838821411
1.0510299001821858e-38 -1.7493376731872559 3.5530002117156982
0.6979864835739136 1.09712799537354e-38 -1.5903465747833252
3.575000286102295 0.7014767527580261 1.1524453732915336e-38
-1.4514796733856201 3.6520001888275146 0.7157022953033447
1.14340615741756e-38 -1.2907074689865112 3.686000108718872
0.721474289894104 1.1801043425102233e-38 -1.1420681476593018
3.769000291824341 0.7368420958518982 1.1708489062832043e-38
-0.8988359570503235 3.511000156402588 0.6856434941291809
1.134006527578562e-38 -0.7476341128349304 3.575000286102295
0.6974531412124634 1.1062400787676586e-38 -0.5985025763511658
3.686000108718872 0.7185071110725403 1.0785809694191225e-38
-0.4175078570842743 3.6080002784729004 0.7028376460075378
1.0230120584267825e-38 -0.2456580102443695 3.5530002117156982
0.6917998194694519 1.1430823173424545e-38 -0.0825936496257782
3.6520001888275146 0.7108892798423767 1.1523018803287868e-38
0.08565866202116013 3.5860002040863037 0.6980063915252686
1.1523018803287868e-38 0.24646250903606415 3.501000165939331
0.6815707087516785 1.134006527578562e-38 0.4393639862537384
3.757000207901001 0.7316759824752808 1.0970924023925462e-38
0.5794822573661804 3.5430002212524414 0.6903848052024841
1.0142601087379955e-38 0.7493509650230408 3.564000129699707
0.6949852705001831 1.0050405457516632e-38 0.9107630848884583
3.5430002212524414 0.6914992332458496 9.958208426354845e-39
1.0867347717285156 3.575000286102295 0.6984425783157349
9.865654064084655e-39 1.2549176216125488 3.575000286102295
0.6991990804672241 2.5015433678725548e-39 1.449803352355957
3.641000270843506 0.7129085063934326 4.068862069056719e-39
1.626803994178772 3.6520001888275146 0.7158653736114502
3.605724518806581e-39 1.7780407667160034 3.6080002784729004
0.7080000042915344 5.543973929989846e-39 1.896657943725586
3.511000156402588 0.6896389722824097 9.682700536582407e-39
2.159480094909668 3.6750001907348633 0.7224544882774353
9.222801387083324e-39 2.2700729370117188 3.575000286102295
0.7032519578933716 9.222801387083324e-39 2.2808265686035156
3.3430001735687256 0.6578953862190247 9.038408726058214e-39
2.5164811611175537 3.450000047683716 0.6790742874145508
9.222079718374196e-39 2.750694990158081 3.5430002212524414
0.6973201036453247 1.1248219970538378e-38 0.0
0.0 0.0 1.2169820339361666e-38
0.0 0.0 0.0
1.1618084292406127e-38 0.0 0.0
0.0 1.0880519253499546e-38 0.0
0.0 0.0 9.866007191297665e-39
-0.0 0.0 0.0
1.1615574566856522e-38 -0.0 0.0
0.0 1.1891076851435102e-38 -0.0
0.0 0.0 1.1338977868177303e-38
-0.0 0.0 0.0
1.1338980670774232e-38 -0.0 0.0
0.0 1.1431176300637555e-38 -2.7209115028381348
3.501000165939331 0.5251442790031433 1.1340418402998629e-38
-2.6657135486602783 3.6520001888275146 0.5477567911148071
1.1248222773135307e-38 -2.5396299362182617 3.7210001945495605
0.5579151511192322 1.1524450930318408e-38 -2.29097843170166
3.6080002784729004 0.5406491756439209 1.0971277151138471e-38
-2.081029176712036 3.5430002212524414 0.5304721593856812
1.1247866843325368e-38 -1.912300944328308 3.5430002212524414
0.5299364328384399 1.1247866843325368e-38 -1.7382779121398926
3.5320000648498535 0.5276826024055481 1.1524453732915336e-38
-1.579792857170105 3.5530002117156982 0.5301588177680969
1.134114427560315e-38 -1.4641839265823364 3.686000108718872
0.5492947697639465 1.2075114983948738e-38 -1.2587697505950928
3.5970001220703125 0.5353423953056335 1.161629343296872e-38
-1.1025431156158447 3.641000270843506 0.5412206053733826
1.1801040622505304e-38 -0.9429571032524109 3.686000108718872
0.5472813248634338 1.1799963023986238e-38 -0.760853111743927
3.641000270843506 0.5400483012199402 1.179852529176184e-38
-0.6153779625892639 3.7930002212524414 0.5621078610420227
1.1429745574905479e-38 -0.4146074056625366 3.5860002040863037
0.5310689806938171 9.769495562164222e-39 -0.2515099346637726
3.641000270843506 0.5389545559883118 1.1430823173424545e-38
-0.08486588299274445 3.757000207901001 0.555975615978241
1.134006527578562e-38 0.08614886552095413 3.6080002784729004
0.5338990092277527 1.134006527578562e-38 0.24777786433696747
3.5220000743865967 0.5212604403495789 1.1156392882171173e-38
0.415218710899353 3.5530002117156982 0.5260481238365173
1.0880166126286536e-38 0.586108386516571 3.5860002040863037
0.5312414765357971 1.0878728394062139e-38 0.7604011297225952
3.619000196456909 0.5365375876426697 1.0878728394062139e-38
0.9047804474830627 3.5220000743865967 0.5226349234580994
1.03269923471066e-38 1.099443793296814 3.619000196456909
0.5375880599021912 1.0234796717243277e-38 1.2812319993972778
3.6520001888275146 0.543103039264679 1.245650498568556e-38
1.4271862506866455 3.5860002040863037 0.5339159965515137
1.2544734940894843e-38 1.586904764175415 3.564000129699707
0.5312668681144714 1.1898289334630982e-38 1.7827956676483154
3.619000196456909 0.5400778651237488 1.2083759594175158e-38
1.9306461811065674 3.575000286102295 0.5340670347213745
9.682700536582407e-39 2.113159418106079 3.5970001220703125
0.5378369092941284 9.499747009080159e-39 2.2494001388549805
3.5430002212524414 0.5301405191421509 9.223157316893262e-39
2.2615292072296143 3.315000057220459 0.49626752734184265
9.223157316893262e-39 2.538318157196045 3.4800002574920654
0.5210915803909302 9.130602954623072e-39 2.7671196460723877
3.564000129699707 0.5336508750915527 1.1525885859945876e-38
0.0 0.0 0.0
1.2169820339361666e-38 0.0 0.0
0.0 1.1342216268928358e-38 0.0
0.0 0.0 1.0789042489748422e-38
0.0 0.0 0.0
1.0510299001821858e-38 -0.0 0.0
0.0 1.179852809435877e-38 -0.0
0.0 0.0 1.1800318953796177e-38
-0.0 0.0 0.0
1.1800316151199248e-38 -0.0 0.0
0.0 1.1431176300637555e-38 -0.0
0.0 0.0 1.1523371930500877e-38
-3.0154905319213867 3.880000114440918 0.39897140860557556
1.1431173498040626e-38 -2.7685258388519287 3.7930002212524414
0.3899894654750824 1.1063472781001794e-38 -2.547585964202881
3.7330002784729004 0.38367772102355957 1.0972714883362869e-38
-2.4550750255584717 3.867000102996826 0.3971993625164032
1.1340418402998629e-38 -2.112316608428955 3.5970001220703125
0.3691486716270447 1.1340062473188691e-38 -1.9118038415908813
3.5430002212524414 0.36322593688964844 1.1708844992641982e-38
-1.8484293222427368 3.757000207901001 0.38470688462257385
1.1893236252368627e-38 -1.5792125463485718 3.5530002117156982
0.3633514642715454 1.198543188223195e-38 -1.4635741710662842
3.686000108718872 0.3764536678791046 1.2445335235626426e-38
-1.2854721546173096 3.6750001907348633 0.374835729598999
1.2353136803166175e-38 -1.1225695610046387 3.7090001106262207
0.37782496213912964 1.2353136803166175e-38 -0.9424482583999634
3.686000108718872 0.37504225969314575 1.2260941173302852e-38
-0.7627143859863281 3.6520001888275146 0.37119609117507935
1.1983994150007552e-38 -0.5814427137374878 3.5860002040863037
0.36416706442832947 1.1707770196719844e-38 -0.416885107755661
3.6080002784729004 0.3661469519138336 1.2076192582467804e-38
-0.2482997477054596 3.5970001220703125 0.36485183238983154
1.134114427560315e-38 -0.08117915689945221 3.5970001220703125
0.3647521734237671 1.1247869645922297e-38 0.08480893820524216
3.5530002117156982 0.36027222871780396 1.134114427560315e-38
0.25060874223709106 3.564000129699707 0.3614497780799866
1.1248947244441363e-38 0.41628724336624146 3.564000129699707
0.36159002780914307 1.1155674016058974e-38 0.582209587097168
3.564000129699707 0.3618040084838867 1.0970924023925462e-38
0.7440550327301025 3.5430002212524414 0.3599514663219452
1.0602500236879038e-38 0.9069094061851501 3.5320000648498535
0.35916993021965027 1.0234796717243277e-38 1.1444915533065796
3.769000291824341 0.38367897272109985 1.0051483056035698e-38
1.2575480937957764 3.5860002040863037 0.36547258496284485
5.262717913916747e-39 1.4178917407989502 3.564000129699707
0.36366963386535645 3.329462730460336e-39 1.5770269632339478
3.5430002212524414 0.36196595430374146 8.950889229170343e-39
1.744858980178833 3.5430002212524414 0.36239001154899597
3.975936362693483e-39 1.87350594997406 3.4700002670288086
0.3553062081336975 9.77489616644573e-39 2.093398332595825
3.564000129699707 0.36527305841445923 9.49974420648323e-39
2.2694337368011475 3.575000286102295 0.36667510867118835
9.314997016946646e-39 2.3882508277893066 3.501000165939331
0.3592729866504669 9.222801387083324e-39 2.417917490005493
3.315000057220459 0.34027597308158875 9.130602954623072e-39
2.726041555404663 3.511000156402588 0.360390841960907
1.2446763158761573e-38 0.0 0.0
0.0 1.226201596922499e-38 0.0
0.0 0.0 1.1341141473006221e-38
0.0 0.0 0.0
1.0602497434282109e-38 0.0 0.0
0.0 9.867446324820527e-39 -0.0
0.0 0.0 1.1616649362778659e-38
-0.0 0.0 0.0
1.1708123323932854e-38 -0.0 0.0
0.0 1.1615568961662664e-38 -0.0
0.0 0.0 1.1800316151199248e-38
-0.0 0.0 0.0
1.1524448127721479e-38 -2.7209513187408447 3.501000165939331
0.1948462873697281 1.1524448127721479e-38 -2.777214527130127
3.805000066757202 0.21175262331962585 1.1524450930318408e-38
-2.5078563690185547 3.6750001907348633 0.20444729924201965
1.1158185142907044e-38 -2.2555108070373535 3.5530002117156982
0.19753949344158173 1.1524450930318408e-38 -2.278210163116455
3.880000114440918 0.21553806960582733 1.1801037819908376e-38
-1.9886366128921509 3.686000108718872 0.204549178481102
1.1801037819908376e-38 -1.7477116584777832 3.5530002117156982
0.19693589210510254 1.2353134000569246e-38 -1.6534972190856934
3.7210001945495605 0.20598486065864563 1.2262018771821918e-38
-1.4588202238082886 3.6750001907348633 0.20317012071609497
1.3090704644669685e-38 -1.288941740989685 3.686000108718872
0.2035105675458908 1.2997067078686572e-38 -1.1119242906570435
3.6750001907348633 0.20264719426631927 1.2260941173302852e-38
-0.951071560382843 3.7210001945495605 0.20494391024112701
1.1983994150007552e-38 -0.7532513737678528 3.6080002784729004
0.1985136717557907 1.1707767394122916e-38 -0.6011559367179871
3.7090001106262207 0.20389145612716675 1.1523018803287868e-38
-0.4167168140411377 3.6080002784729004 0.19820185005664825
1.1063478386195651e-38 -0.24446576833724976 3.5430002212524414
0.19453595578670502 1.1248947244441363e-38 -0.0811334177851677
3.5970001220703125 0.1974470615386963 1.134006527578562e-38
0.08715446293354034 3.6520001888275146 0.20045602321624756
1.1156392882171173e-38 0.24975676834583282 3.5530002117156982
0.19505545496940613 1.0972361756149859e-38 0.434481680393219
3.7210001945495605 0.20435762405395508 1.0787970496423213e-38
0.5802208781242371 3.5530002117156982 0.19524633884429932
1.0603577835398104e-38 0.7482241988182068 3.564000129699707
0.19600264728069305 1.0602500236879038e-38 0.9828670620918274
3.829000234603882 0.21077316999435425 1.0418108977152393e-38
1.1441599130630493 3.769000291824341 0.20769096910953522
1.0050405457516632e-38 1.2572118043899536 3.5860002040863037
0.1978350132703781 1.18997340733477e-38 1.4262993335723877
3.5860002040863037 0.19807343184947968 1.0791583043864243e-38
1.5811411142349243 3.5530002117156982 0.19648796319961548
1.1439114656437955e-38 1.7494654655456543 3.5530002117156982
0.196716770529747 1.1073923664948729e-38 1.9066967964172363
3.5320000648498535 0.19576315581798553 9.497953347045823e-39
2.086698293685913 3.5530002117156982 0.1971091628074646
9.130602954623072e-39 2.2552876472473145 3.5530002117156982
0.19725370407104492 9.130602954623072e-39 2.3738160133361816
3.4800002574920654 0.19329795241355896 9.038405923461285e-39
2.487175226211548 3.4100000858306885 0.18945512175559998
9.03732832494222e-39 2.7183215618133545 3.501000165939331
0.19450247287750244 8.758937964228665e-39 0.0
0.0 0.0 1.2169820339361666e-38
0.0 0.0 0.0
1.0880163323689607e-38 0.0 0.0
0.0 1.0235871513165414e-38 0.0
0.0 0.0 1.0142954214592964e-38
-0.0 0.0 0.0
1.1797805024351178e-38 -0.0 0.0
0.0 1.1523727860310816e-38 -0.0
0.0 0.0 1.1523727860310816e-38
-0.0 0.0 0.0
1.1615924891472603e-38 -0.0 0.0
0.0 1.161699968739474e-38 -2.929260492324829
3.769000291824341 0.031959906220436096 1.1431173498040626e-38
-2.7071309089660645 3.7090001106262207 0.03147292137145996
1.1431173498040626e-38 -2.5078086853027344 3.6750001907348633
0.0311956275254488 1.1523371930500877e-38 -2.262418031692505
3.564000129699707 0.0302547886967659 1.1615568961662664e-38
-2.1248574256896973 3.619000196456909 0.030714455991983414
1.1893592182178565e-38 -1.9701699018478394 3.6520001888275146
0.03097977116703987 1.2446407228951634e-38 -1.8479167222976685
3.757000207901001 0.031849127262830734 1.2721915118724072e-38
-1.7071118354797363 3.8420002460479736 0.032543204724788666
1.281303315006833e-38 -1.4630361795425415 3.686000108718872
0.031193533912301064 1.3734636321488546e-38 -1.2387949228286743
3.5430002212524414 0.029954921454191208 1.253644906307529e-38
-1.1151130199432373 3.686000108718872 0.03113449551165104
1.1707767394122916e-38 -0.91644287109375 3.5860002040863037
0.030262619256973267 1.1524097803105398e-38 -0.791761040687561
3.7930002212524414 0.031983427703380585 1.1063478386195651e-38
-0.5829148888587952 3.5970001220703125 0.030309483408927917
1.1063478386195651e-38 -0.4166503846645355 3.6080002784729004
0.030385158956050873 1.0970924023925462e-38 -0.24511359632015228
3.5530002117156982 0.029909983277320862 1.0972361756149859e-38
-0.0811152309179306 3.5970001220703125 0.030273448675870895
1.0880166126286536e-38 0.085572749376297 3.5860002040863037
0.030179329216480255 1.0787970496423213e-38 0.2559112012386322
3.641000270843506 0.03064608946442604 1.0787970496423213e-38
0.42123255133628845 3.6080002784729004 0.030377373099327087
1.0603577835398104e-38 0.5837379693984985 3.575000286102295
0.03011327236890793 1.03269923471066e-38 0.788642942905426
3.757000207901001 0.03166515380144119 1.0418108977152393e-38
0.937319815158844 3.6520001888275146 0.03080202266573906
9.958208426354845e-39 1.085144281387329 3.575000286102295
0.030176451429724693 9.865654064084655e-39 1.2570807933807373
3.5860002040863037 0.030294636264443398 1.2266713121677406e-38
1.4174163341522217 3.564000129699707 0.030134065076708794
9.961090897295961e-39 1.5810115337371826 3.5530002117156982
0.03006497025489807 1.1442350254592081e-38 1.7444207668304443
3.5430002212524414 0.030001433566212654 3.9640617595067944e-39
1.8898565769195557 3.501000165939331 0.029662372544407845
9.130605757220001e-39 2.0619451999664307 3.511000156402588
0.029757995158433914 8.854374797439971e-39 2.25522518157959
3.5530002117156982 0.03011779859662056 8.852939867812503e-39
2.4024322032928467 3.5220000743865967 0.029850488528609276
8.945135497675825e-39 2.5608410835266113 3.511000156402588
0.029743513092398643 8.576710309330937e-39 2.758728504180908
3.5530002117156982 0.030075496062636375 9.128442152391083e-39
0.0 0.0 0.0
1.2168741339544136e-38 0.0 0.0
0.0 1.069504899395537e-38 0.0
0.0 0.0 1.0511376600340924e-38
0.0 0.0 0.0
9.497584805549706e-39 -0.0 0.0
-0.0 1.1338980670774232e-38 -0.0
0.0 -0.0 1.1615924891472603e-38
-0.0 0.0 -0.0
1.0970555482429344e-38 -0.0 0.0
-0.0 1.1430825976021474e-38 -3.0103647708892822
3.6520001888275146 -0.14133763313293457 1.5669312421587783e-38
-2.8919875621795654 3.7210001945495605 -0.14398972690105438
1.1618455636499174e-38 -2.682360887527466 3.6750001907348633
-0.1421525925397873 1.5029695342740577e-38 -2.403458833694458
3.5220000743865967 -0.13614338636398315 1.1431179103234483e-38
-2.2974021434783936 3.619000196456909 -0.13976526260375977
1.198435007981749e-38 -2.1120188236236572 3.5970001220703125
-0.13875935971736908 1.2353134000569246e-38 -1.916846513748169
3.5530002117156982 -0.13688449561595917 1.299742300849651e-38
-1.7963628768920898 3.6520001888275146 -0.1404990404844284
1.3180738071002554e-38 -1.6534425020217896 3.7210001945495605
-0.14294016361236572 1.253644626047836e-38 -1.4496324062347412
3.6520001888275146 -0.1400773525238037 1.0876924922938553e-38
-1.2423763275146484 3.5530002117156982 -0.1360776573419571
1.1523374733097806e-38 -1.0816118717193604 3.575000286102295
-0.13672694563865662 1.1523374733097806e-38 -0.9080798625946045
3.5530002117156982 -0.13570937514305115 1.1063478386195651e-38
-0.7352517247200012 3.5220000743865967 -0.13437128067016602
1.0879084323872077e-38 -0.5708093643188477 3.5220000743865967
-0.13424187898635864 1.0785453764381286e-38 -0.4204987585544586
3.641000270843506 -0.13867267966270447 1.0602500236879038e-38
-0.2592117488384247 3.757000207901001 -0.14301474392414093
1.0878728394062139e-38 -0.08473347872495651 3.757000207901001
-0.14297276735305786 1.069469586674236e-38 0.08583961427211761
3.5970001220703125 -0.13687708973884583 1.0603577835398104e-38
0.25438326597213745 3.619000196456909 -0.1377408504486084
1.0510301804418787e-38 0.4199799597263336 3.5970001220703125
-0.1369623988866806 1.0325554614882203e-38 0.5945594310760498
3.641000270843506 -0.138728529214859 1.0325554614882203e-38
0.7528034448623657 3.5860002040863037 -0.1367504745721817
1.023335898501888e-38 0.9176222681999207 3.575000286102295
-0.1364729404449463 9.864935197972456e-39 1.0985742807388306
3.619000196456909 -0.13831721246242523 9.497231678336696e-39
1.2802987098693848 3.6520001888275146 -0.13976065814495087
1.290919445458569e-38 1.4751697778701782 3.7090001106262207
-0.1421375423669815 1.1713889667113551e-38 1.6006755828857422
3.5970001220703125 -0.13803890347480774 1.0148728965564447e-38
1.7656755447387695 3.5860002040863037 -0.1378067582845688
5.165117475876524e-39 1.9012702703475952 3.5220000743865967
-0.1355242282152176 8.945135497675825e-39 2.1383650302886963
3.641000270843506 -0.14026914536952972 8.76074423794918e-39
2.269252061843872 3.575000286102295 -0.13786618411540985
8.76074423794918e-39 2.3601906299591064 3.4600002765655518
-0.13353852927684784 8.48451327816915e-39 2.5462911128997803
3.491000175476074 -0.1348104476928711 8.299763286035638e-39
2.7183773517608643 3.501000165939331 -0.13523665070533752
8.852937065215574e-39 0.0 0.0
-0.0 1.1708842190045053e-38 0.0
0.0 -0.0 1.0235152647053216e-38
0.0 0.0 -0.0
9.958202821160988e-39 0.0 0.0
-0.0 9.405389175686383e-39 -0.0
0.0 -0.0 1.0970202355216334e-38
-0.0 0.0 -0.0
1.0785806891594296e-38 -0.0 0.0
-0.0 1.0878355648670628e-38 -0.0
0.0 -0.0 1.0785804088997367e-38
-0.0 0.0 -0.0
1.0602853364092048e-38 -2.9013545513153076 3.7330002784729004
-0.3205679953098297 1.1063472781001794e-38 -2.7510769367218018
3.769000291824341 -0.3235724866390228 1.1338980670774232e-38
-2.5312342643737793 3.7090001106262207 -0.3182496428489685
1.2352050796856323e-38 -2.2836482524871826 3.5970001220703125
-0.30839574337005615 1.2536443457881433e-38 -2.285508871078491
3.892000198364258 -0.333351731300354 1.2813389079878268e-38
-1.9290034770965576 3.575000286102295 -0.3058374226093292
1.2536443457881433e-38 -1.8365299701690674 3.7330002784729004
-0.3189336657524109 1.1800318953796177e-38 -1.6333333253860474
3.6750001907348633 -0.3135394752025604 1.1338624740964294e-38
-1.4590933322906494 3.6750001907348633 -0.31309154629707336
1.1983994150007552e-38 -1.2318437099456787 3.5220000743865967
-0.29963356256484985 1.1062397985079657e-38 -1.0722194910049438
3.5430002212524414 -0.30101442337036133 1.0602497434282109e-38
-0.9195900559425354 3.5970001220703125 -0.30522316694259644
1.0694693064145432e-38 -0.7674254179000854 3.6750001907348633
-0.31149938702583313 1.0602497434282109e-38 -0.5849343538284302
3.6080002784729004 -0.30553728342056274 1.0785809694191225e-38
-0.42191082239151 3.6520001888275146 -0.3090381622314453
1.0418108977152393e-38 -0.24674364924430847 3.575000286102295
-0.3023672103881836 1.0510304607015715e-38 -0.08504334092140198
3.769000291824341 -0.31868475675582886 1.0234796717243277e-38
0.08716759085655212 3.6520001888275146 -0.3087763488292694
1.0234796717243277e-38 0.25213056802749634 3.5860002040863037
-0.3032517433166504 1.0142601087379955e-38 0.425235778093338
3.641000270843506 -0.308029443025589 1.023335898501888e-38
0.5618932843208313 3.440000057220459 -0.29120707511901855
9.957130827835779e-39 0.7599374651908875 3.619000196456909
-0.3066120445728302 9.864935197972456e-39 0.9150375723838806
3.564000129699707 -0.30225250124931335 9.680185205838944e-39
0.0 0.0 -0.0
1.5577467116340541e-38 0.5042418837547302 1.4380000829696655
-0.12224236130714417 1.392010237713733e-38 0.5692664384841919
1.4310001134872437 -0.12180570513010025 1.3921542911958655e-38
0.643149197101593 1.4450000524520874 -0.12315961718559265
1.4475441162444647e-38 0.0 0.0
-0.0 8.391961718495889e-39 0.0
0.0 -0.0 8.576710309330937e-39
2.044032096862793 3.4800002574920654 -0.29766541719436646
8.48451327816915e-39 2.255471706390381 3.5530002117156982
-0.30418238043785095 8.48451327816915e-39 2.4026145935058594
3.5220000743865967 -0.30173367261886597 8.11680975853339e-39
2.568976640701294 3.5220000743865967 -0.3018641471862793
8.299763286035638e-39 2.7673096656799316 3.564000129699707
-0.30551406741142273 8.760019766643124e-39 0.0
0.0 -0.0 1.1340418402998629e-38
0.0 0.0 -0.0
1.0140437482551037e-38 0.0 0.0
-0.0 9.864929592778599e-39 0.0
0.0 -0.0 9.497584805549706e-39
-0.0 0.0 -0.0
1.0325554614882203e-38 -0.0 0.0
-0.0 1.060141563186765e-38 -0.0
0.0 -0.0 1.0324830143576147e-38
-0.0 0.0 -0.0
1.0233709309634961e-38 -0.0 0.0
-0.0 1.0695046191358442e-38 -0.0
0.0 -0.0 1.1156024340675055e-38
-2.6015853881835938 3.564000129699707 -0.47410619258880615
1.2076542907083885e-38 -2.508283853530884 3.6750001907348633
-0.4886450171470642 1.2813389079878268e-38 -2.2630345821380615
3.564000129699707 -0.4735473692417145 1.244424782801811e-38
-2.0997726917266846 3.575000286102295 -0.47456538677215576
1.1891074048838174e-38 -1.929480791091919 3.575000286102295
-0.4740367531776428 1.0970199552619406e-38 -1.7125664949417114
3.4800002574920654 -0.46086394786834717 1.4292482029748541e-38
-1.5609760284423828 3.511000156402588 -0.4643491208553314
1.401481473904258e-38 -0.0 0.0
-0.0 1.4475438359847718e-38 -0.5273062586784363
1.5070000886917114 -0.19876578450202942 1.383150808432732e-38
-0.44173991680145264 1.4590001106262207 -0.19218479096889496
1.3739315257060927e-38 -0.3742061257362366 1.4630000591278076
-0.19248032569885254 1.4567638193606434e-38 -0.30295079946517944
1.4500000476837158 -0.19056686758995056 1.4566915123598842e-38
-0.23374460637569427 1.4410001039505005 -0.1892138123512268
1.4566915123598842e-38 -0.16495415568351746 1.4270000457763672
-0.1872427761554718 1.4196699075816547e-38 -0.09848219901323318
1.4260001182556152 -0.18701818585395813 1.4197417941928746e-38
-0.03193073347210884 1.4140000343322754 -0.1853928565979004
1.3736798525019e-38 0.03364056721329689 1.409000039100647
-0.18472795188426971 1.3735720926499934e-38 0.0980558767914772
1.3940000534057617 -0.18279366195201874 1.3552407265292354e-38
0.16300050914287567 1.3950001001358032 -0.18299755454063416
1.2907037856249095e-38 0.22780519723892212 1.3940000534057617
-0.18297716975212097 1.2814839423788844e-38 0.29201456904411316
1.3900001049041748 -0.1825973093509674 1.2446056904335553e-38
0.3554917275905609 1.3840000629425049 -0.18198376893997192
1.2446056904335553e-38 0.42344003915786743 1.3940000534057617
-0.1834993213415146 1.1985437487425807e-38 0.48198625445365906
1.374000072479248 -0.18108230829238892 1.2352053599453252e-38
0.5408141016960144 1.3590000867843628 -0.17932918667793274
1.253572038787384e-38 0.600608229637146 1.349000096321106
-0.17823396623134613 1.2350973198337257e-38 0.6709110736846924
1.3620001077651978 -0.18017180263996124 1.216766374102507e-38
0.7463091015815735 1.3820000886917114 -0.18302543461322784
1.1983994150007552e-38 0.8277442455291748 1.409000039100647
-0.18678833544254303 1.1524453732915336e-38 2.2494144439697266
3.5430002212524414 -0.4700755476951599 8.207567656172315e-39
2.507194995880127 3.6750001907348633 -0.4878843426704407
8.024614128670067e-39 2.5311450958251953 3.4700002670288086
-0.46083390712738037 7.655471475511445e-39 2.750997304916382
3.5430002212524414 -0.4705716669559479 8.483428673157763e-39
0.0 0.0 -0.0
1.1338977868177303e-38 0.0 0.0
-0.0 9.68197886787328e-39 0.0
0.0 -0.0 9.312836214714657e-39
0.0 0.0 -0.0
9.128442152391083e-39 -0.0 0.0
-0.0 1.2262747447023367e-38 -0.0
0.0 -0.0 1.2814113551184324e-38
-0.0 0.0 -0.0
1.363955261549025e-38 -0.0 0.0
-0.0 1.2538605661411886e-38 -0.0
0.0 -0.0 1.2446410031548563e-38
-1.1067768335342407 1.4240000247955322 -0.2566468417644501
1.0787967693826285e-38 -1.0395317077636719 1.4240000247955322
-0.2566154897212982 1.2538605661411886e-38 -0.9720407724380493
1.4240000247955322 -0.25651615858078003 1.2170902141776125e-38
-0.8954826593399048 1.4100000858306885 -0.2538330554962158
1.235421440168524e-38 -0.8225055932998657 1.4000000953674316
-0.2518177032470703 1.2170902141776125e-38 -0.7580121755599976
1.4040000438690186 -0.25227585434913635 1.2078706511912802e-38
-0.6892395615577698 1.4000000953674316 -0.2512623071670532
1.235421440168524e-38 -0.6227236390113831 1.4000000953674316
-0.25094518065452576 1.235421440168524e-38 -0.5563502907752991
1.4000000953674316 -0.2506181001663208 1.2262018771821918e-38
-0.4873504042625427 1.3920000791549683 -0.24886275827884674
1.2446410031548563e-38 -0.4238414764404297 1.3990000486373901
-0.24980255961418152 1.226166284201198e-38 -0.35756683349609375
1.3970000743865967 -0.24915756285190582 1.2353858471875302e-38
-0.2904146909713745 1.3890000581741333 -0.2474765181541443
1.2169467212148657e-38 -0.2259673923254013 1.3920000791549683
-0.24779574573040009 1.2169467212148657e-38 -0.1603427529335022
1.3860000371932983 -0.24655860662460327 1.2445335235626426e-38
-0.09552563726902008 1.3820000886917114 -0.24572807550430298
1.262936636164774e-38 -0.03128815069794655 1.3840000629425049
-0.2460172027349472 1.2721561991511063e-38 0.03267466276884079
1.3680000305175781 -0.2431606948375702 1.2721561991511063e-38
0.095864437520504 1.3620001077651978 -0.24213506281375885
1.3552401660098497e-38 0.15995018184185028 1.3680000305175781
-0.2432945966720581 1.428924783289288e-38 0.22223065793514252
1.3590000867843628 -0.24183475971221924 1.5212278927448244e-38
0.2835817039012909 1.349000096321106 -0.240238755941391
1.364459728996182e-38 0.3474840223789215 1.352000117301941
-0.2409949004650116 1.253968606252788e-38 0.4097020626068115
1.3480000495910645 -0.2405337542295456 1.0880166126286536e-38
0.4699576795101166 1.3390001058578491 -0.2391999512910843
1.1154596417539908e-38 0.532314658164978 1.3370000123977661
-0.23912660777568817 1.2627920221632557e-38 0.5990813970565796
1.3450000286102295 -0.24084463715553284 1.2258777568473934e-38
0.6588355898857117 1.3370000123977661 -0.23968781530857086
1.2258777568473934e-38 0.7265456914901733 1.3450000286102295
-0.24137793481349945 1.179887841897485e-38 0.7920933961868286
1.3480000495910645 -0.24213996529579163 1.0970199552619406e-38
0.8851839303970337 1.3940000534057617 -0.25058919191360474
1.0325910544692141e-38 2.34710955619812 3.440000057220459
-0.6187092065811157 7.74694543666564e-39 2.6399362087249756
3.619000196456909 -0.651086688041687 7.287046287166557e-39
2.7928788661956787 3.5970001220703125 -0.6471408605575562
7.654749806802318e-39 0.0 0.0
-0.0 1.1063472781001794e-38 0.0
0.0 -0.0 9.772736765512205e-39
0.0 0.0 -0.0
9.404310175868853e-39 0.0 0.0
-0.0 9.127364553872018e-39 -0.0
0.0 -0.0 1.1891076851435102e-38
-0.0 0.0 -0.0
1.2167666543622e-38 -0.0 0.0
-0.0 1.1799965826583167e-38 -0.0
0.0 -0.0 1.244748763006763e-38
-0.0 0.0 -0.0
1.4199564731176091e-38 -1.0803364515304565 1.3900001049041748
-0.31608840823173523 1.3279762228282532e-38 -1.0140420198440552
1.3890000581741333 -0.3158479928970337 1.3277245496240604e-38
-0.9462343454360962 1.3860000371932983 -0.3150714635848999
1.2264175370158514e-38 -0.8728162050247192 1.374000072479248
-0.3121740520000458 1.2079784110431868e-38 -0.8074836134910583
1.374000072479248 -0.31193679571151733 1.1894316653484621e-38
-0.7421132922172546 1.374000072479248 -0.31164297461509705
1.2170904944373054e-38 -0.6767694354057312 1.374000072479248
-0.3113058805465698 1.2170904944373054e-38 -0.6061668395996094
1.3620001077651978 -0.30822399258613586 1.207870931450973e-38
-0.5388167500495911 1.3550000190734863 -0.30626463890075684
1.2263100574236376e-38 -0.4775409400463104 1.3630000352859497
-0.30769553780555725 1.2353858471875302e-38 -0.4129562973976135
1.3620001077651978 -0.30710652470588684 1.2538608464008814e-38
-0.34685373306274414 1.3540000915527344 -0.30496734380722046
1.207870931450973e-38 -0.2843976318836212 1.3590000867843628
-0.3057937026023865 1.2169467212148657e-38 -0.22081983089447021
1.3590000867843628 -0.3055397570133209 1.1893239054965556e-38
-0.15621881186962128 1.349000096321106 -0.30309221148490906
1.2076192582467804e-38 -0.09369166195392609 1.3540000915527344
-0.30407413840293884 1.1708489062832043e-38 -0.03058537282049656
1.3510000705718994 -0.30332115292549133 1.1799965826583167e-38
0.03223627060651779 1.349000096321106 -0.3028566837310791
1.1615574566856522e-38 0.09502258151769638 1.349000096321106
-0.3029048442840576 1.1338627543561222e-38 0.15750595927238464
1.346000075340271 -0.3023408353328705 1.2169467212148657e-38
0.21962915360927582 1.3420000076293945 -0.30160924792289734
1.1338627543561222e-38 0.28170245885849 1.3390001058578491
-0.30115363001823425 1.0970924023925462e-38 0.3444032371044159
1.3390001058578491 -0.30141696333885193 1.0878728394062139e-38
0.40847229957580566 1.343000054359436 -0.30261728167533875
1.0602500236879038e-38 0.4685090482234955 1.3340001106262207
-0.3009122312068939 1.0418108977152393e-38 0.5274495482444763
1.3240001201629639 -0.298989862203598 1.1427936498588036e-38
0.5837939977645874 1.3100000619888306 -0.29615795612335205
1.1243543837562926e-38 0.6556745171546936 1.3300000429153442
-0.3009999990463257 1.0782923019354715e-38 0.7159982919692993
1.3250000476837158 -0.300159752368927 1.0876196247737104e-38
0.7840816974639893 1.3340001106262207 -0.3024499714374542
1.0877633979961501e-38 0.8561363816261292 1.3480000495910645
-0.30582302808761597 1.0692886790424917e-38 0.0
0.0 -0.0 7.008305601836922e-39
2.3781285285949707 3.260000228881836 -0.7400673031806946
4.979645815033884e-39 2.6863958835601807 3.4600002765655518
-0.7854218482971191 4.6133758237271276e-39 0.0
0.0 -0.0 4.056963643796137e-39
0.0 0.0 -0.0
9.679816664342826e-39 0.0 0.0
-0.0 9.220637782254406e-39 0.0
0.0 -0.0 8.852212593909518e-39
-0.0 0.0 -0.0
1.1522294331981812e-38 -0.0 0.0
-0.0 1.1060590310060678e-38 -0.0
0.0 -0.0 1.0603577835398104e-38
-0.0 0.0 -0.0
1.0511379402937852e-38 -0.0 0.0
-0.0 1.0879081521275149e-38 -1.0655238628387451
1.371000051498413 -0.3764256238937378 1.0511379402937852e-38
-0.9972934722900391 1.3660000562667847 -0.37507107853889465
1.0511379402937852e-38 -0.9340739250183105 1.3680000305175781
-0.375544935464859 1.0511379402937852e-38 -0.8711183071136475
1.371000051498413 -0.3762035667896271 1.0603575032801175e-38
-0.798942506313324 1.3590000867843628 -0.37266743183135986
1.0695772063962962e-38 -0.7359620332717896 1.3620001077651978
-0.37317851185798645 1.0511379402937852e-38 -0.6697508692741394
1.3590000867843628 -0.371992826461792 1.0695772063962962e-38
-0.6043354868888855 1.3570001125335693 -0.37104570865631104
1.0879084323872077e-38 -0.5420046448707581 1.3620001077651978
-0.3719920516014099 1.0510301804418787e-38 -0.47758856415748596
1.3620001077651978 -0.3715682923793793 1.0602497434282109e-38
-0.4118162989616394 1.3570001125335693 -0.3697951138019562
1.0694693064145432e-38 -0.3474522829055786 1.3550000190734863
-0.36886897683143616 1.0878728394062139e-38 -0.2846968472003937
1.3590000867843628 -0.36961618065834045 1.0418108977152393e-38
-0.22074048221111298 1.3570001125335693 -0.36878228187561035
1.023335898501888e-38 -0.1573306769132614 1.3570001125335693
-0.36855241656303406 1.023335898501888e-38 -0.09388086944818497
1.3550000190734863 -0.36784628033638 9.95712802523885e-39
-0.03077315166592598 1.3570001125335693 -0.3682970702648163
1.0233714914828819e-38 0.03237294778227806 1.3540000915527344
-0.36746400594711304 9.864932395375528e-39 0.09553041309118271
1.3550000190734863 -0.36778953671455383 9.680541135648882e-39
0.15870915353298187 1.3550000190734863 -0.36791446805000305
9.311758616195592e-39 0.2214750200510025 1.352000117301941
-0.3672906458377838 9.311758616195592e-39 0.28406742215156555
1.349000096321106 -0.36672526597976685 9.311758616195592e-39
0.34650740027427673 1.346000075340271 -0.36620911955833435
9.035171726605624e-39 0.4094162881374359 1.3450000286102295
-0.3662756085395813 8.942976096742301e-39 0.4727277457714081
1.3450000286102295 -0.36664101481437683 8.941894294327842e-39
0.5329874157905579 1.3370000123977661 -0.36483579874038696
9.585104302437576e-39 0.598405659198761 1.3420000076293945
-0.36657389998435974 9.492905869977325e-39 0.6609304547309875
1.340000033378601 -0.3663812279701233 8.571308303750965e-39
0.7227684259414673 1.3370000123977661 -0.36587780714035034
1.0139713011244981e-38 0.7749056220054626 1.318000078201294
-0.36093974113464355 1.05996107594456e-38 0.853126585483551
1.343000054359436 -0.36798620223999023 1.0600688357964666e-38
0.0 0.0 -0.0
4.79417275289278e-39 2.3584463596343994 3.2330000400543213
-0.8862307667732239 7.556800445444477e-39 2.5029711723327637
3.2240002155303955 -0.8836305737495422 4.6976513146700865e-39
0.0 0.0 -0.0
5.510325951264478e-40 0.0 0.0
-0.0 2.0311709136511077e-39 0.0
0.0 -0.0 9.127364553872018e-39
0.0 0.0 -0.0
8.66746400307447e-39 -0.0 0.0
-0.0 9.862419867228993e-39 -0.0
0.0 -0.0 9.49506527091085e-39
-0.0 0.0 -0.0
8.576710309330937e-39 -0.0 0.0
-0.0 8.66746400307447e-39 -0.0
0.0 -0.0 8.66746400307447e-39
-1.0669883489608765 1.3730000257492065 -0.44169989228248596
8.66746400307447e-39 -1.010445237159729 1.3840000629425049
-0.44530364871025085 8.66746400307447e-39 -0.9437429904937744
1.3820000886917114 -0.4446190893650055 8.299041617326511e-39
-0.8795812129974365 1.3840000629425049 -0.44511908292770386
8.575268373211147e-39 -0.8151004314422607 1.3860000371932983
-0.44552499055862427 8.299041617326511e-39 -0.7449579834938049
1.378000020980835 -0.44263756275177 8.574549507098949e-39
-0.6800081133842468 1.3790000677108765 -0.44257882237434387
8.942973294145372e-39 -0.6194683909416199 1.3900001049041748
-0.4456801414489746 8.206845987463188e-39 -0.5512081384658813
1.3840000629425049 -0.4433025121688843 8.113571357782335e-39
-0.4885556101799011 1.3920000791549683 -0.44540101289749146
8.021375727919012e-39 -0.42377614974975586 1.3950001001358032
-0.44590702652931213 7.92918009805569e-39 -0.3565608263015747
1.3890000581741333 -0.4435650408267975 7.652234476058855e-39
-0.29258131980895996 1.3950001001358032 -0.4450984597206116
7.744430105922177e-39 -0.22720471024513245 1.3950001001358032
-0.44477200508117676 7.468201948739076e-39 -0.16183455288410187
1.3940000534057617 -0.444193571805954 7.467846018929138e-39
-0.09679180383682251 1.3950001001358032 -0.4443269670009613
7.190181530820104e-39 -0.03178694471716881 1.3990000486373901
-0.4454953074455261 7.097985900956781e-39 0.033419422805309296
1.3970000743865967 -0.4448354244232178 7.097985900956781e-39
0.09823533147573471 1.3920000791549683 -0.44330263137817383
6.453694090432588e-39 0.1637997329235077 1.3970000743865967
-0.4450341463088989 5.717566783750404e-39 0.22531436383724213
1.374000072479248 -0.43791717290878296 7.92918009805569e-39
0.294052392244339 1.3950001001358032 -0.444889634847641
9.31211454600553e-39 0.35869550704956055 1.3920000791549683
-0.4442671537399292 8.575268373211147e-39 0.4280650317668915
1.40500009059906 -0.4487965404987335 8.299044419923439e-39
0.49738672375679016 1.4140000343322754 -0.45208197832107544
7.188020728588115e-39 0.5561151504516602 1.3940000534057617
-0.44610288739204407 8.206845987463188e-39 0.6469696760177612
1.4500000476837158 -0.46444764733314514 8.754261831253213e-39
0.6869356632232666 1.3920000791549683 -0.4462496042251587
1.3272200821769035e-38 0.7295525670051575 1.349000096321106
-0.4327881336212158 1.1613761286643685e-38 0.782189667224884
1.3300000429153442 -0.4269503951072693 1.1244980168488859e-38
0.8437486290931702 1.3280000686645508 -0.4264894127845764
1.0692883987827989e-38 0.9274982213973999 1.3590000867843628
-0.43653956055641174 9.586188907448964e-39 2.308035135269165
3.1640000343322754 -1.0163321495056152 9.402869641047527e-39
2.496450662612915 3.2160000801086426 -1.0327800512313843
7.92918009805569e-39 0.0 0.0
-0.0 7.099416626688857e-39 0.0
0.0 -0.0 5.901595107174789e-39
0.0 0.0 -0.0
8.760019766643124e-39 0.0 0.0
-0.0 8.575268373211147e-39 -0.0
0.0 -0.0 6.731359979840086e-39
-0.0 0.0 -0.0
7.098339028169791e-39 -0.0 0.0
-0.0 7.3738441153453e-39 -0.0
0.0 -0.0 3.78037395160924e-39
-0.0 0.0 -0.0
8.113568555185407e-39 -1.0955898761749268 1.4100000858306885
-0.5200289487838745 8.299038814729582e-39 -1.0213576555252075
1.3990000486373901 -0.5160998106002808 8.482351074638697e-39
-0.9574731588363647 1.402000069618225 -0.517218291759491
8.483428673157763e-39 -0.8994626402854919 1.415000081062317
-0.521911084651947 8.667819932884408e-39 -0.8459609746932983
1.4380000829696655 -0.530181348323822 8.852212593909518e-39
-0.7712647318840027 1.4260001182556152 -0.5254517793655396
8.66746400307447e-39 -0.6843610405921936 1.3870000839233398
-0.5107097625732422 8.760019766643124e-39 -0.6025246977806091
1.3510000705718994 -0.497038871049881 8.66746400307447e-39
-0.0 0.0 -0.0
8.852215396506447e-39 -0.0 0.0
-0.0 8.944413828966698e-39 -0.0
0.0 -0.0 8.759663836833186e-39
-0.0 0.0 -0.0
8.852215396506447e-39 -0.0 0.0
-0.0 8.94441102636977e-39 -0.0
0.0 -0.0 9.127364553872018e-39
-0.41818657517433167 3.5970001220703125 -1.3159345388412476
8.852215396506447e-39 -0.24691109359264374 3.5530002117156982
-1.2993346452713013 8.852215396506447e-39 -0.08140198886394501
3.575000286102295 -1.3070892095565796 9.035168924008695e-39
0.0 0.0 -0.0
8.942973294145372e-39 0.25799259543418884 3.6520001888275146
-1.3353303670883179 8.759663836833186e-39 0.4170543849468231
3.5530002117156982 -1.299498438835144 8.575271175808076e-39
0.0 0.0 -0.0
8.575271175808076e-39 0.0 0.0
-0.0 8.575271175808076e-39 0.9030681252479553
3.501000165939331 -1.282634973526001 8.483075545944753e-39
1.074068307876587 3.5220000743865967 -1.2913105487823486
8.299044419923439e-39 0.0 0.0
-0.0 8.02209739662814e-39 0.558528482913971
1.3990000486373901 -0.513768196105957 7.929901766764817e-39
0.6536325216293335 1.4640001058578491 -0.538065493106842
1.0782923019354715e-38 0.687290608882904 1.3920000791549683
-0.5119744539260864 1.1243541034965997e-38 0.7298381924629211
1.349000096321106 -0.4964654743671417 1.142937002691704e-38
0.778867244720459 1.3240001201629639 -0.4874950647354126
1.0692886790424917e-38 0.8375123739242554 1.318000078201294
-0.48542898893356323 1.0784000617873781e-38 0.9165979623794556
1.343000054359436 -0.49468255043029785 9.402869641047527e-39
2.3975489139556885 3.2870001792907715 -1.2105863094329834
8.665304602140945e-39 2.4890060424804688 3.207000255584717
-1.1807116270065308 7.835906869673301e-39 0.0
0.0 -0.0 7.376006318875754e-39
0.0 0.0 -0.0
5.8076002100832735e-39 0.0 0.0
-0.0 8.483072743347825e-39 0.0
0.0 -0.0 8.757503034601197e-39
-0.0 0.0 -0.0
8.48127627871656e-39 -0.0 0.0
-0.0 8.11141195684881e-39 -0.0
0.0 -0.0 6.82174793468443e-39
-0.0 0.0 -0.0
7.653672208283252e-39 -0.0 0.0
-0.0 7.92918009805569e-39 -0.0
0.0 -0.0 8.022094594031211e-39
-2.7513232231140137 3.769000291824341 -1.568007230758667
8.206843184866259e-39 -2.494112968444824 3.6520001888275146
-1.519546389579773 8.113568555185407e-39 -2.252481460571289
3.5430002212524414 -1.4740934371948242 8.57454670450202e-39
-2.162580966949463 3.6750001907348633 -1.528609275817871
8.483072743347825e-39 -0.0 0.0
-0.0 8.483072743347825e-39 -0.0
0.0 -0.0 8.66746400307447e-39
-1.6821104288101196 3.769000291824341 -1.5650098323822021
8.575268373211147e-39 -1.4350134134292603 3.5970001220703125
-1.4924356937408447 8.66746400307447e-39 -1.308505654335022
3.7210001945495605 -1.5426350831985474 8.758940766825594e-39
-1.065841794013977 3.501000165939331 -1.4502545595169067
8.758940766825594e-39 -0.9034197330474854 3.511000156402588
-1.4532734155654907 8.481995144828759e-39 -0.7470962405204773
3.5530002117156982 -1.4696223735809326 8.666745136962271e-39
-0.5856522917747498 3.5860002040863037 -1.4823694229125977
8.483072743347825e-39 -0.4291743338108063 3.686000108718872
-1.5229607820510864 8.299041617326511e-39 -0.26151907444000244
3.757000207901001 -1.5517473220825195 8.299041617326511e-39
-0.08085896819829941 3.5430002212524414 -1.4630576372146606
8.481997947425687e-39 0.08407455682754517 3.511000156402588
-1.4497674703598022 8.02209739662814e-39 0.24828939139842987
3.511000156402588 -1.4499140977859497 8.114294427789927e-39
0.41258829832077026 3.511000156402588 -1.4502744674682617
7.65367501088018e-39 0.5770366787910461 3.511000156402588
-1.450831651687622 7.56112064860999e-39 0.7416876554489136
3.511000156402588 -1.451560378074646 8.481997947425687e-39
0.8882455229759216 3.440000057220459 -1.4230563640594482
4.334276405990625e-39 1.000603437423706 3.2780001163482666
-1.3569421768188477 1.2003494619437097e-39 1.1779283285140991
3.3430001735687256 -1.38481867313385 1.9357550999167666e-39
0.0 0.0 -0.0
1.3854511799917677e-39 0.650011420249939 1.4550000429153442
-0.6035480499267578 1.0414140499901425e-38 0.6886091232299805
1.3940000534057617 -0.5785852670669556 1.1795637215626868e-38
0.7311732172966003 1.3510000705718994 -0.5610055327415466
1.1521565656780363e-38 0.7825616598129272 1.3300000429153442
-0.5524685382843018 1.1152783137327072e-38 0.8344009518623352
1.3130000829696655 -0.5454932451248169 1.0508492728101343e-38
0.9199683666229248 1.3480000495910645 -0.5600137114524841
8.942247421540852e-39 2.3906044960021973 3.2780001163482666
-1.3614829778671265 8.38907504365938e-39 2.501558780670166
3.2240002155303955 -1.3384523391723633 7.55931577618794e-39
0.0 0.0 -0.0
6.91466523325688e-39 0.0 0.0
-0.0 4.606250221036036e-40 0.0
0.0 -0.0 7.372119116935717e-40
0.0 0.0 -0.0
1.1945803161660844e-39 -0.0 0.0
-0.0 8.388727521640228e-39 -0.0
0.0 -0.0 8.019937995694615e-39
-0.0 0.0 -0.0
8.389430973469319e-39 -0.0 0.0
-0.0 8.021375727919012e-39 -0.0
0.0 -0.0 8.021375727919012e-39
-2.8277337551116943 3.641000270843506 -1.6853837966918945
7.836981665595438e-39 -2.6574015617370605 3.641000270843506
-1.6861412525177002 7.562551374342066e-39 -2.456394910812378
3.5970001220703125 -1.6661956310272217 8.389799514965436e-39
-2.2526371479034424 3.5430002212524414 -1.6412872076034546
2.8559051248294788e-39 -1.9399672746658325 3.2960002422332764
-1.5266774892807007 1.7513610375931926e-39 -1.862022042274475
3.440000057220459 -1.5929104089736938 1.936111029726705e-39
-1.7293031215667725 3.501000165939331 -1.620447039604187
1.9361054245328478e-39 -1.5541555881500244 3.4800002574920654
-1.6098363399505615 1.9361054245328478e-39 -1.4146076440811157
3.5430002212524414 -1.6379400491714478 1.8439125972664538e-39
-1.3097373247146606 3.7210001945495605 -1.719059705734253
1.7531518970305997e-39 -1.0797806978225708 3.5430002212524414
-1.6356940269470215 1.385448377394839e-39 -0.8710007667541504
3.38100004196167 -1.559858798980713 1.385448377394839e-39
-0.7415362000465393 3.5220000743865967 -1.6239091157913208
1.385448377394839e-39 -0.5675000548362732 3.4700002670288086
-1.599074363708496 1.7542294955496655e-39 -0.41069915890693665
3.5220000743865967 -1.6223303079605103 1.9371830230519136e-39
-0.24480770528316498 3.511000156402588 -1.6167500019073486
1.2921695438185933e-39 -0.0817863866686821 3.575000286102295
-1.6459115743637085 2.2108860404023012e-39 0.08436746150255203
3.5220000743865967 -1.621424913406372 5.99414666684805e-39
0.25618216395378113 3.619000196456909 -1.6662181615829468
5.5356852495733644e-39 0.41551122069358826 3.5320000648498535
-1.6265066862106323 5.625365548693224e-39 0.5709258913993835
3.4700002670288086 -1.5984817743301392 5.901595107174789e-39
0.7170984745025635 3.391000270843506 -1.5627621412277222
5.993071870925913e-39 0.8994675874710083 3.4800002574920654
-1.6045947074890137 5.625012421480214e-39 1.0360339879989624
3.391000270843506 -1.564435362815857 5.7175639811534754e-39
1.1689965724945068 3.315000057220459 -1.5302648544311523
5.901595107174789e-39 1.3517200946807861 3.38100004196167
-1.5616241693496704 5.348421327994853e-39 0.6722710728645325
1.5040000677108765 -0.6950362920761108 1.0970199552619406e-38
0.6953170895576477 1.4070000648498535 -0.6504994034767151
1.0232989042224298e-38 0.7313712239265442 1.3510000705718994
-0.6248152256011963 1.0049676782315183e-38 0.7814867496490479
1.3280000686645508 -0.614292562007904 9.866007191297665e-39
0.8451998829841614 1.3300000429153442 -0.6152287721633911
9.497582002952777e-39 0.9164355397224426 1.343000054359436
-0.6211385130882263 7.929901766764817e-39 0.0
0.0 -0.0 5.99379353963504e-39
2.494506597518921 3.2160000801086426 -1.48605215549469
5.900517508655723e-39 0.0 0.0
-0.0 5.716126248929078e-39 0.0
0.0 -0.0 4.7945286827027184e-39
0.0 0.0 -0.0
3.9669260135678744e-39 0.0 0.0
-0.0 3.2304385731803586e-39 -0.0
0.0 -0.0 6.45333816062265e-39
-0.0 0.0 -0.0
7.006865067015596e-39 -0.0 0.0
-0.0 8.392314845708899e-39 -0.0
0.0 -0.0 5.2551480996124647e-39
-0.0 0.0 -0.0
6.547320446027987e-39 -2.75838565826416 3.5530002117156982
-1.8114123344421387 6.915021163066819e-39 -2.5924694538116455
3.5530002117156982 -1.812391757965088 5.993790737038112e-39
-2.4259629249572754 3.5530002117156982 -1.8130642175674438
5.901595107174789e-39 -2.258932113647461 3.5530002117156982
-1.8134139776229858 6.545165248989855e-39 -2.0249552726745605
3.440000057220459 -1.7557706832885742 6.546242847508921e-39
-1.8733454942703247 3.4600002765655518 -1.7657229900360107
6.730634107235566e-39 -1.7048273086547852 3.450000047683716
-1.7601133584976196 6.454047217645598e-39 -1.5688999891281128
3.511000156402588 -1.790510654449463 6.45369128783566e-39
-1.390459656715393 3.4800002574920654 -1.7738301753997803
6.730636909832495e-39 -1.1946170330047607 3.391000270843506
-1.7275221347808838 6.731355775944693e-39 -1.0198484659194946
3.3430001735687256 -1.7021009922027588 6.914668035853809e-39
-0.8645027279853821 3.3520002365112305 -1.7057273387908936
7.006865067015596e-39 -0.6910213232040405 3.2780001163482666
-1.6671990156173706 6.914668035853809e-39 -0.5309304594993591
3.242000102996826 -1.6481293439865112 6.914668035853809e-39
-0.3745202124118805 3.207000255584717 -1.629720687866211
7.006867869612524e-39 -0.2239850014448166 3.207000255584717
-1.6292665004730225 6.545889720295911e-39 -0.07414580136537552
3.2330000400543213 -1.6421985626220703 6.914668035853809e-39
0.0774589478969574 3.2330000400543213 -1.6421113014221191
7.097983098359853e-39 0.22842776775360107 3.2240002155303955
-1.63764226436615 7.190537460630043e-39 0.37460002303123474
3.181000232696533 -1.6160788536071777 7.006867869612524e-39
0.5102425813674927 3.0980000495910645 -1.5743378400802612
6.730280980022556e-39 0.662556529045105 3.130000114440918
-1.5911623239517212 7.006865067015596e-39 0.809744119644165
3.130000114440918 -1.5918234586715698 6.639160146081371e-39
0.9497396349906921 3.1060001850128174 -1.5803316831588745
6.731359979840086e-39 1.1017206907272339 3.122000217437744
-1.5892035961151123 6.6391629486783e-39 1.226502776145935
3.06600022315979 -1.5613805055618286 6.546967318814977e-39
0.0 0.0 -0.0
6.360418059453271e-39 0.70245361328125 1.4210001230239868
-0.7241451740264893 9.862772994442003e-39 0.7439464926719666
1.374000072479248 -0.7003205418586731 1.0418103371958535e-38
0.7903336882591248 1.343000054359436 -0.6845471262931824
1.0233714914828819e-38 0.8470135927200317 1.3330000638961792
-0.6793673634529114 9.498306474258833e-39 0.916222095489502
1.343000054359436 -0.6842619776725769 8.115372026308993e-39
0.0 0.0 -0.0
5.90303704329458e-39 2.282552719116211 2.944000244140625
-1.4983104467391968 6.086346500606766e-39 0.0
0.0 -0.0 5.625368351290153e-39
0.0 0.0 -0.0
5.625012421480214e-39 0.0 0.0
-0.0 5.625012421480214e-39 0.0
0.0 -0.0 5.3477024618826545e-39
